15000
0
7500
1
7501
2
7502
3
7503
4
7504
5
7505
6
7506
7
7507
8
7508
9
7509
10
7510
11
7511
12
7512
13
7513
14
7514
15
7515
16
7516
17
7517
18
7518
19
7519
20
7520
21
7521
22
7522
23
7523
24
7524
25
7525
26
7526
27
7527
28
7528
29
7529
30
7530
31
7531
32
7532
33
7533
34
7534
35
7535
36
7536
37
7537
38
7538
39
7539
40
7540
41
7541
42
7542
43
7543
44
7544
45
7545
46
7546
47
7547
48
7548
49
7549
50
7550
51
7551
52
7552
53
7553
54
7554
55
7555
56
7556
57
7557
58
7558
59
7559
60
7560
61
7561
62
7562
63
7563
64
7564
65
7565
66
7566
67
7567
68
7568
69
7569
70
7570
71
7571
72
7572
73
7573
74
7574
75
7575
76
7576
77
7577
78
7578
79
7579
80
7580
81
7581
82
7582
83
7583
84
7584
85
7585
86
7586
87
7587
88
7588
89
7589
90
7590
91
7591
92
7592
93
7593
94
7594
95
7595
96
7596
97
7597
98
7598
99
7599
100
7600
101
7601
102
7602
103
7603
104
7604
105
7605
106
7606
107
7607
108
7608
109
7609
110
7610
111
7611
112
7612
113
7613
114
7614
115
7615
116
7616
117
7617
118
7618
119
7619
120
7620
121
7621
122
7622
123
7623
124
7624
125
7625
126
7626
127
7627
128
7628
129
7629
130
7630
131
7631
132
7632
133
7633
134
7634
135
7635
136
7636
137
7637
138
7638
139
7639
140
7640
141
7641
142
7642
143
7643
144
7644
145
7645
146
7646
147
7647
148
7648
149
7649
150
7650
151
7651
152
7652
153
7653
154
7654
155
7655
156
7656
157
7657
158
7658
159
7659
160
7660
161
7661
162
7662
163
7663
164
7664
165
7665
166
7666
167
7667
168
7668
169
7669
170
7670
171
7671
172
7672
173
7673
174
7674
175
7675
176
7676
177
7677
178
7678
179
7679
180
7680
181
7681
182
7682
183
7683
184
7684
185
7685
186
7686
187
7687
188
7688
189
7689
190
7690
191
7691
192
7692
193
7693
194
7694
195
7695
196
7696
197
7697
198
7698
199
7699
200
7700
201
7701
202
7702
203
7703
204
7704
205
7705
206
7706
207
7707
208
7708
209
7709
210
7710
211
7711
212
7712
213
7713
214
7714
215
7715
216
7716
217
7717
218
7718
219
7719
220
7720
221
7721
222
7722
223
7723
224
7724
225
7725
226
7726
227
7727
228
7728
229
7729
230
7730
231
7731
232
7732
233
7733
234
7734
235
7735
236
7736
237
7737
238
7738
239
7739
240
7740
241
7741
242
7742
243
7743
244
7744
245
7745
246
7746
247
7747
248
7748
249
7749
250
7750
251
7751
252
7752
253
7753
254
7754
255
7755
256
7756
257
7757
258
7758
259
7759
260
7760
261
7761
262
7762
263
7763
264
7764
265
7765
266
7766
267
7767
268
7768
269
7769
270
7770
271
7771
272
7772
273
7773
274
7774
275
7775
276
7776
277
7777
278
7778
279
7779
280
7780
281
7781
282
7782
283
7783
284
7784
285
7785
286
7786
287
7787
288
7788
289
7789
290
7790
291
7791
292
7792
293
7793
294
7794
295
7795
296
7796
297
7797
298
7798
299
7799
300
7800
301
7801
302
7802
303
7803
304
7804
305
7805
306
7806
307
7807
308
7808
309
7809
310
7810
311
7811
312
7812
313
7813
314
7814
315
7815
316
7816
317
7817
318
7818
319
7819
320
7820
321
7821
322
7822
323
7823
324
7824
325
7825
326
7826
327
7827
328
7828
329
7829
330
7830
331
7831
332
7832
333
7833
334
7834
335
7835
336
7836
337
7837
338
7838
339
7839
340
7840
341
7841
342
7842
343
7843
344
7844
345
7845
346
7846
347
7847
348
7848
349
7849
350
7850
351
7851
352
7852
353
7853
354
7854
355
7855
356
7856
357
7857
358
7858
359
7859
360
7860
361
7861
362
7862
363
7863
364
7864
365
7865
366
7866
367
7867
368
7868
369
7869
370
7870
371
7871
372
7872
373
7873
374
7874
375
7875
376
7876
377
7877
378
7878
379
7879
380
7880
381
7881
382
7882
383
7883
384
7884
385
7885
386
7886
387
7887
388
7888
389
7889
390
7890
391
7891
392
7892
393
7893
394
7894
395
7895
396
7896
397
7897
398
7898
399
7899
400
7900
401
7901
402
7902
403
7903
404
7904
405
7905
406
7906
407
7907
408
7908
409
7909
410
7910
411
7911
412
7912
413
7913
414
7914
415
7915
416
7916
417
7917
418
7918
419
7919
420
7920
421
7921
422
7922
423
7923
424
7924
425
7925
426
7926
427
7927
428
7928
429
7929
430
7930
431
7931
432
7932
433
7933
434
7934
435
7935
436
7936
437
7937
438
7938
439
7939
440
7940
441
7941
442
7942
443
7943
444
7944
445
7945
446
7946
447
7947
448
7948
449
7949
450
7950
451
7951
452
7952
453
7953
454
7954
455
7955
456
7956
457
7957
458
7958
459
7959
460
7960
461
7961
462
7962
463
7963
464
7964
465
7965
466
7966
467
7967
468
7968
469
7969
470
7970
471
7971
472
7972
473
7973
474
7974
475
7975
476
7976
477
7977
478
7978
479
7979
480
7980
481
7981
482
7982
483
7983
484
7984
485
7985
486
7986
487
7987
488
7988
489
7989
490
7990
491
7991
492
7992
493
7993
494
7994
495
7995
496
7996
497
7997
498
7998
499
7999
500
8000
501
8001
502
8002
503
8003
504
8004
505
8005
506
8006
507
8007
508
8008
509
8009
510
8010
511
8011
512
8012
513
8013
514
8014
515
8015
516
8016
517
8017
518
8018
519
8019
520
8020
521
8021
522
8022
523
8023
524
8024
525
8025
526
8026
527
8027
528
8028
529
8029
530
8030
531
8031
532
8032
533
8033
534
8034
535
8035
536
8036
537
8037
538
8038
539
8039
540
8040
541
8041
542
8042
543
8043
544
8044
545
8045
546
8046
547
8047
548
8048
549
8049
550
8050
551
8051
552
8052
553
8053
554
8054
555
8055
556
8056
557
8057
558
8058
559
8059
560
8060
561
8061
562
8062
563
8063
564
8064
565
8065
566
8066
567
8067
568
8068
569
8069
570
8070
571
8071
572
8072
573
8073
574
8074
575
8075
576
8076
577
8077
578
8078
579
8079
580
8080
581
8081
582
8082
583
8083
584
8084
585
8085
586
8086
587
8087
588
8088
589
8089
590
8090
591
8091
592
8092
593
8093
594
8094
595
8095
596
8096
597
8097
598
8098
599
8099
600
8100
601
8101
602
8102
603
8103
604
8104
605
8105
606
8106
607
8107
608
8108
609
8109
610
8110
611
8111
612
8112
613
8113
614
8114
615
8115
616
8116
617
8117
618
8118
619
8119
620
8120
621
8121
622
8122
623
8123
624
8124
625
8125
626
8126
627
8127
628
8128
629
8129
630
8130
631
8131
632
8132
633
8133
634
8134
635
8135
636
8136
637
8137
638
8138
639
8139
640
8140
641
8141
642
8142
643
8143
644
8144
645
8145
646
8146
647
8147
648
8148
649
8149
650
8150
651
8151
652
8152
653
8153
654
8154
655
8155
656
8156
657
8157
658
8158
659
8159
660
8160
661
8161
662
8162
663
8163
664
8164
665
8165
666
8166
667
8167
668
8168
669
8169
670
8170
671
8171
672
8172
673
8173
674
8174
675
8175
676
8176
677
8177
678
8178
679
8179
680
8180
681
8181
682
8182
683
8183
684
8184
685
8185
686
8186
687
8187
688
8188
689
8189
690
8190
691
8191
692
8192
693
8193
694
8194
695
8195
696
8196
697
8197
698
8198
699
8199
700
8200
701
8201
702
8202
703
8203
704
8204
705
8205
706
8206
707
8207
708
8208
709
8209
710
8210
711
8211
712
8212
713
8213
714
8214
715
8215
716
8216
717
8217
718
8218
719
8219
720
8220
721
8221
722
8222
723
8223
724
8224
725
8225
726
8226
727
8227
728
8228
729
8229
730
8230
731
8231
732
8232
733
8233
734
8234
735
8235
736
8236
737
8237
738
8238
739
8239
740
8240
741
8241
742
8242
743
8243
744
8244
745
8245
746
8246
747
8247
748
8248
749
8249
750
8250
751
8251
752
8252
753
8253
754
8254
755
8255
756
8256
757
8257
758
8258
759
8259
760
8260
761
8261
762
8262
763
8263
764
8264
765
8265
766
8266
767
8267
768
8268
769
8269
770
8270
771
8271
772
8272
773
8273
774
8274
775
8275
776
8276
777
8277
778
8278
779
8279
780
8280
781
8281
782
8282
783
8283
784
8284
785
8285
786
8286
787
8287
788
8288
789
8289
790
8290
791
8291
792
8292
793
8293
794
8294
795
8295
796
8296
797
8297
798
8298
799
8299
800
8300
801
8301
802
8302
803
8303
804
8304
805
8305
806
8306
807
8307
808
8308
809
8309
810
8310
811
8311
812
8312
813
8313
814
8314
815
8315
816
8316
817
8317
818
8318
819
8319
820
8320
821
8321
822
8322
823
8323
824
8324
825
8325
826
8326
827
8327
828
8328
829
8329
830
8330
831
8331
832
8332
833
8333
834
8334
835
8335
836
8336
837
8337
838
8338
839
8339
840
8340
841
8341
842
8342
843
8343
844
8344
845
8345
846
8346
847
8347
848
8348
849
8349
850
8350
851
8351
852
8352
853
8353
854
8354
855
8355
856
8356
857
8357
858
8358
859
8359
860
8360
861
8361
862
8362
863
8363
864
8364
865
8365
866
8366
867
8367
868
8368
869
8369
870
8370
871
8371
872
8372
873
8373
874
8374
875
8375
876
8376
877
8377
878
8378
879
8379
880
8380
881
8381
882
8382
883
8383
884
8384
885
8385
886
8386
887
8387
888
8388
889
8389
890
8390
891
8391
892
8392
893
8393
894
8394
895
8395
896
8396
897
8397
898
8398
899
8399
900
8400
901
8401
902
8402
903
8403
904
8404
905
8405
906
8406
907
8407
908
8408
909
8409
910
8410
911
8411
912
8412
913
8413
914
8414
915
8415
916
8416
917
8417
918
8418
919
8419
920
8420
921
8421
922
8422
923
8423
924
8424
925
8425
926
8426
927
8427
928
8428
929
8429
930
8430
931
8431
932
8432
933
8433
934
8434
935
8435
936
8436
937
8437
938
8438
939
8439
940
8440
941
8441
942
8442
943
8443
944
8444
945
8445
946
8446
947
8447
948
8448
949
8449
950
8450
951
8451
952
8452
953
8453
954
8454
955
8455
956
8456
957
8457
958
8458
959
8459
960
8460
961
8461
962
8462
963
8463
964
8464
965
8465
966
8466
967
8467
968
8468
969
8469
970
8470
971
8471
972
8472
973
8473
974
8474
975
8475
976
8476
977
8477
978
8478
979
8479
980
8480
981
8481
982
8482
983
8483
984
8484
985
8485
986
8486
987
8487
988
8488
989
8489
990
8490
991
8491
992
8492
993
8493
994
8494
995
8495
996
8496
997
8497
998
8498
999
8499
1000
8500
1001
8501
1002
8502
1003
8503
1004
8504
1005
8505
1006
8506
1007
8507
1008
8508
1009
8509
1010
8510
1011
8511
1012
8512
1013
8513
1014
8514
1015
8515
1016
8516
1017
8517
1018
8518
1019
8519
1020
8520
1021
8521
1022
8522
1023
8523
1024
8524
1025
8525
1026
8526
1027
8527
1028
8528
1029
8529
1030
8530
1031
8531
1032
8532
1033
8533
1034
8534
1035
8535
1036
8536
1037
8537
1038
8538
1039
8539
1040
8540
1041
8541
1042
8542
1043
8543
1044
8544
1045
8545
1046
8546
1047
8547
1048
8548
1049
8549
1050
8550
1051
8551
1052
8552
1053
8553
1054
8554
1055
8555
1056
8556
1057
8557
1058
8558
1059
8559
1060
8560
1061
8561
1062
8562
1063
8563
1064
8564
1065
8565
1066
8566
1067
8567
1068
8568
1069
8569
1070
8570
1071
8571
1072
8572
1073
8573
1074
8574
1075
8575
1076
8576
1077
8577
1078
8578
1079
8579
1080
8580
1081
8581
1082
8582
1083
8583
1084
8584
1085
8585
1086
8586
1087
8587
1088
8588
1089
8589
1090
8590
1091
8591
1092
8592
1093
8593
1094
8594
1095
8595
1096
8596
1097
8597
1098
8598
1099
8599
1100
8600
1101
8601
1102
8602
1103
8603
1104
8604
1105
8605
1106
8606
1107
8607
1108
8608
1109
8609
1110
8610
1111
8611
1112
8612
1113
8613
1114
8614
1115
8615
1116
8616
1117
8617
1118
8618
1119
8619
1120
8620
1121
8621
1122
8622
1123
8623
1124
8624
1125
8625
1126
8626
1127
8627
1128
8628
1129
8629
1130
8630
1131
8631
1132
8632
1133
8633
1134
8634
1135
8635
1136
8636
1137
8637
1138
8638
1139
8639
1140
8640
1141
8641
1142
8642
1143
8643
1144
8644
1145
8645
1146
8646
1147
8647
1148
8648
1149
8649
1150
8650
1151
8651
1152
8652
1153
8653
1154
8654
1155
8655
1156
8656
1157
8657
1158
8658
1159
8659
1160
8660
1161
8661
1162
8662
1163
8663
1164
8664
1165
8665
1166
8666
1167
8667
1168
8668
1169
8669
1170
8670
1171
8671
1172
8672
1173
8673
1174
8674
1175
8675
1176
8676
1177
8677
1178
8678
1179
8679
1180
8680
1181
8681
1182
8682
1183
8683
1184
8684
1185
8685
1186
8686
1187
8687
1188
8688
1189
8689
1190
8690
1191
8691
1192
8692
1193
8693
1194
8694
1195
8695
1196
8696
1197
8697
1198
8698
1199
8699
1200
8700
1201
8701
1202
8702
1203
8703
1204
8704
1205
8705
1206
8706
1207
8707
1208
8708
1209
8709
1210
8710
1211
8711
1212
8712
1213
8713
1214
8714
1215
8715
1216
8716
1217
8717
1218
8718
1219
8719
1220
8720
1221
8721
1222
8722
1223
8723
1224
8724
1225
8725
1226
8726
1227
8727
1228
8728
1229
8729
1230
8730
1231
8731
1232
8732
1233
8733
1234
8734
1235
8735
1236
8736
1237
8737
1238
8738
1239
8739
1240
8740
1241
8741
1242
8742
1243
8743
1244
8744
1245
8745
1246
8746
1247
8747
1248
8748
1249
8749
1250
8750
1251
8751
1252
8752
1253
8753
1254
8754
1255
8755
1256
8756
1257
8757
1258
8758
1259
8759
1260
8760
1261
8761
1262
8762
1263
8763
1264
8764
1265
8765
1266
8766
1267
8767
1268
8768
1269
8769
1270
8770
1271
8771
1272
8772
1273
8773
1274
8774
1275
8775
1276
8776
1277
8777
1278
8778
1279
8779
1280
8780
1281
8781
1282
8782
1283
8783
1284
8784
1285
8785
1286
8786
1287
8787
1288
8788
1289
8789
1290
8790
1291
8791
1292
8792
1293
8793
1294
8794
1295
8795
1296
8796
1297
8797
1298
8798
1299
8799
1300
8800
1301
8801
1302
8802
1303
8803
1304
8804
1305
8805
1306
8806
1307
8807
1308
8808
1309
8809
1310
8810
1311
8811
1312
8812
1313
8813
1314
8814
1315
8815
1316
8816
1317
8817
1318
8818
1319
8819
1320
8820
1321
8821
1322
8822
1323
8823
1324
8824
1325
8825
1326
8826
1327
8827
1328
8828
1329
8829
1330
8830
1331
8831
1332
8832
1333
8833
1334
8834
1335
8835
1336
8836
1337
8837
1338
8838
1339
8839
1340
8840
1341
8841
1342
8842
1343
8843
1344
8844
1345
8845
1346
8846
1347
8847
1348
8848
1349
8849
1350
8850
1351
8851
1352
8852
1353
8853
1354
8854
1355
8855
1356
8856
1357
8857
1358
8858
1359
8859
1360
8860
1361
8861
1362
8862
1363
8863
1364
8864
1365
8865
1366
8866
1367
8867
1368
8868
1369
8869
1370
8870
1371
8871
1372
8872
1373
8873
1374
8874
1375
8875
1376
8876
1377
8877
1378
8878
1379
8879
1380
8880
1381
8881
1382
8882
1383
8883
1384
8884
1385
8885
1386
8886
1387
8887
1388
8888
1389
8889
1390
8890
1391
8891
1392
8892
1393
8893
1394
8894
1395
8895
1396
8896
1397
8897
1398
8898
1399
8899
1400
8900
1401
8901
1402
8902
1403
8903
1404
8904
1405
8905
1406
8906
1407
8907
1408
8908
1409
8909
1410
8910
1411
8911
1412
8912
1413
8913
1414
8914
1415
8915
1416
8916
1417
8917
1418
8918
1419
8919
1420
8920
1421
8921
1422
8922
1423
8923
1424
8924
1425
8925
1426
8926
1427
8927
1428
8928
1429
8929
1430
8930
1431
8931
1432
8932
1433
8933
1434
8934
1435
8935
1436
8936
1437
8937
1438
8938
1439
8939
1440
8940
1441
8941
1442
8942
1443
8943
1444
8944
1445
8945
1446
8946
1447
8947
1448
8948
1449
8949
1450
8950
1451
8951
1452
8952
1453
8953
1454
8954
1455
8955
1456
8956
1457
8957
1458
8958
1459
8959
1460
8960
1461
8961
1462
8962
1463
8963
1464
8964
1465
8965
1466
8966
1467
8967
1468
8968
1469
8969
1470
8970
1471
8971
1472
8972
1473
8973
1474
8974
1475
8975
1476
8976
1477
8977
1478
8978
1479
8979
1480
8980
1481
8981
1482
8982
1483
8983
1484
8984
1485
8985
1486
8986
1487
8987
1488
8988
1489
8989
1490
8990
1491
8991
1492
8992
1493
8993
1494
8994
1495
8995
1496
8996
1497
8997
1498
8998
1499
8999
1500
9000
1501
9001
1502
9002
1503
9003
1504
9004
1505
9005
1506
9006
1507
9007
1508
9008
1509
9009
1510
9010
1511
9011
1512
9012
1513
9013
1514
9014
1515
9015
1516
9016
1517
9017
1518
9018
1519
9019
1520
9020
1521
9021
1522
9022
1523
9023
1524
9024
1525
9025
1526
9026
1527
9027
1528
9028
1529
9029
1530
9030
1531
9031
1532
9032
1533
9033
1534
9034
1535
9035
1536
9036
1537
9037
1538
9038
1539
9039
1540
9040
1541
9041
1542
9042
1543
9043
1544
9044
1545
9045
1546
9046
1547
9047
1548
9048
1549
9049
1550
9050
1551
9051
1552
9052
1553
9053
1554
9054
1555
9055
1556
9056
1557
9057
1558
9058
1559
9059
1560
9060
1561
9061
1562
9062
1563
9063
1564
9064
1565
9065
1566
9066
1567
9067
1568
9068
1569
9069
1570
9070
1571
9071
1572
9072
1573
9073
1574
9074
1575
9075
1576
9076
1577
9077
1578
9078
1579
9079
1580
9080
1581
9081
1582
9082
1583
9083
1584
9084
1585
9085
1586
9086
1587
9087
1588
9088
1589
9089
1590
9090
1591
9091
1592
9092
1593
9093
1594
9094
1595
9095
1596
9096
1597
9097
1598
9098
1599
9099
1600
9100
1601
9101
1602
9102
1603
9103
1604
9104
1605
9105
1606
9106
1607
9107
1608
9108
1609
9109
1610
9110
1611
9111
1612
9112
1613
9113
1614
9114
1615
9115
1616
9116
1617
9117
1618
9118
1619
9119
1620
9120
1621
9121
1622
9122
1623
9123
1624
9124
1625
9125
1626
9126
1627
9127
1628
9128
1629
9129
1630
9130
1631
9131
1632
9132
1633
9133
1634
9134
1635
9135
1636
9136
1637
9137
1638
9138
1639
9139
1640
9140
1641
9141
1642
9142
1643
9143
1644
9144
1645
9145
1646
9146
1647
9147
1648
9148
1649
9149
1650
9150
1651
9151
1652
9152
1653
9153
1654
9154
1655
9155
1656
9156
1657
9157
1658
9158
1659
9159
1660
9160
1661
9161
1662
9162
1663
9163
1664
9164
1665
9165
1666
9166
1667
9167
1668
9168
1669
9169
1670
9170
1671
9171
1672
9172
1673
9173
1674
9174
1675
9175
1676
9176
1677
9177
1678
9178
1679
9179
1680
9180
1681
9181
1682
9182
1683
9183
1684
9184
1685
9185
1686
9186
1687
9187
1688
9188
1689
9189
1690
9190
1691
9191
1692
9192
1693
9193
1694
9194
1695
9195
1696
9196
1697
9197
1698
9198
1699
9199
1700
9200
1701
9201
1702
9202
1703
9203
1704
9204
1705
9205
1706
9206
1707
9207
1708
9208
1709
9209
1710
9210
1711
9211
1712
9212
1713
9213
1714
9214
1715
9215
1716
9216
1717
9217
1718
9218
1719
9219
1720
9220
1721
9221
1722
9222
1723
9223
1724
9224
1725
9225
1726
9226
1727
9227
1728
9228
1729
9229
1730
9230
1731
9231
1732
9232
1733
9233
1734
9234
1735
9235
1736
9236
1737
9237
1738
9238
1739
9239
1740
9240
1741
9241
1742
9242
1743
9243
1744
9244
1745
9245
1746
9246
1747
9247
1748
9248
1749
9249
1750
9250
1751
9251
1752
9252
1753
9253
1754
9254
1755
9255
1756
9256
1757
9257
1758
9258
1759
9259
1760
9260
1761
9261
1762
9262
1763
9263
1764
9264
1765
9265
1766
9266
1767
9267
1768
9268
1769
9269
1770
9270
1771
9271
1772
9272
1773
9273
1774
9274
1775
9275
1776
9276
1777
9277
1778
9278
1779
9279
1780
9280
1781
9281
1782
9282
1783
9283
1784
9284
1785
9285
1786
9286
1787
9287
1788
9288
1789
9289
1790
9290
1791
9291
1792
9292
1793
9293
1794
9294
1795
9295
1796
9296
1797
9297
1798
9298
1799
9299
1800
9300
1801
9301
1802
9302
1803
9303
1804
9304
1805
9305
1806
9306
1807
9307
1808
9308
1809
9309
1810
9310
1811
9311
1812
9312
1813
9313
1814
9314
1815
9315
1816
9316
1817
9317
1818
9318
1819
9319
1820
9320
1821
9321
1822
9322
1823
9323
1824
9324
1825
9325
1826
9326
1827
9327
1828
9328
1829
9329
1830
9330
1831
9331
1832
9332
1833
9333
1834
9334
1835
9335
1836
9336
1837
9337
1838
9338
1839
9339
1840
9340
1841
9341
1842
9342
1843
9343
1844
9344
1845
9345
1846
9346
1847
9347
1848
9348
1849
9349
1850
9350
1851
9351
1852
9352
1853
9353
1854
9354
1855
9355
1856
9356
1857
9357
1858
9358
1859
9359
1860
9360
1861
9361
1862
9362
1863
9363
1864
9364
1865
9365
1866
9366
1867
9367
1868
9368
1869
9369
1870
9370
1871
9371
1872
9372
1873
9373
1874
9374
1875
9375
1876
9376
1877
9377
1878
9378
1879
9379
1880
9380
1881
9381
1882
9382
1883
9383
1884
9384
1885
9385
1886
9386
1887
9387
1888
9388
1889
9389
1890
9390
1891
9391
1892
9392
1893
9393
1894
9394
1895
9395
1896
9396
1897
9397
1898
9398
1899
9399
1900
9400
1901
9401
1902
9402
1903
9403
1904
9404
1905
9405
1906
9406
1907
9407
1908
9408
1909
9409
1910
9410
1911
9411
1912
9412
1913
9413
1914
9414
1915
9415
1916
9416
1917
9417
1918
9418
1919
9419
1920
9420
1921
9421
1922
9422
1923
9423
1924
9424
1925
9425
1926
9426
1927
9427
1928
9428
1929
9429
1930
9430
1931
9431
1932
9432
1933
9433
1934
9434
1935
9435
1936
9436
1937
9437
1938
9438
1939
9439
1940
9440
1941
9441
1942
9442
1943
9443
1944
9444
1945
9445
1946
9446
1947
9447
1948
9448
1949
9449
1950
9450
1951
9451
1952
9452
1953
9453
1954
9454
1955
9455
1956
9456
1957
9457
1958
9458
1959
9459
1960
9460
1961
9461
1962
9462
1963
9463
1964
9464
1965
9465
1966
9466
1967
9467
1968
9468
1969
9469
1970
9470
1971
9471
1972
9472
1973
9473
1974
9474
1975
9475
1976
9476
1977
9477
1978
9478
1979
9479
1980
9480
1981
9481
1982
9482
1983
9483
1984
9484
1985
9485
1986
9486
1987
9487
1988
9488
1989
9489
1990
9490
1991
9491
1992
9492
1993
9493
1994
9494
1995
9495
1996
9496
1997
9497
1998
9498
1999
9499
2000
9500
2001
9501
2002
9502
2003
9503
2004
9504
2005
9505
2006
9506
2007
9507
2008
9508
2009
9509
2010
9510
2011
9511
2012
9512
2013
9513
2014
9514
2015
9515
2016
9516
2017
9517
2018
9518
2019
9519
2020
9520
2021
9521
2022
9522
2023
9523
2024
9524
2025
9525
2026
9526
2027
9527
2028
9528
2029
9529
2030
9530
2031
9531
2032
9532
2033
9533
2034
9534
2035
9535
2036
9536
2037
9537
2038
9538
2039
9539
2040
9540
2041
9541
2042
9542
2043
9543
2044
9544
2045
9545
2046
9546
2047
9547
2048
9548
2049
9549
2050
9550
2051
9551
2052
9552
2053
9553
2054
9554
2055
9555
2056
9556
2057
9557
2058
9558
2059
9559
2060
9560
2061
9561
2062
9562
2063
9563
2064
9564
2065
9565
2066
9566
2067
9567
2068
9568
2069
9569
2070
9570
2071
9571
2072
9572
2073
9573
2074
9574
2075
9575
2076
9576
2077
9577
2078
9578
2079
9579
2080
9580
2081
9581
2082
9582
2083
9583
2084
9584
2085
9585
2086
9586
2087
9587
2088
9588
2089
9589
2090
9590
2091
9591
2092
9592
2093
9593
2094
9594
2095
9595
2096
9596
2097
9597
2098
9598
2099
9599
2100
9600
2101
9601
2102
9602
2103
9603
2104
9604
2105
9605
2106
9606
2107
9607
2108
9608
2109
9609
2110
9610
2111
9611
2112
9612
2113
9613
2114
9614
2115
9615
2116
9616
2117
9617
2118
9618
2119
9619
2120
9620
2121
9621
2122
9622
2123
9623
2124
9624
2125
9625
2126
9626
2127
9627
2128
9628
2129
9629
2130
9630
2131
9631
2132
9632
2133
9633
2134
9634
2135
9635
2136
9636
2137
9637
2138
9638
2139
9639
2140
9640
2141
9641
2142
9642
2143
9643
2144
9644
2145
9645
2146
9646
2147
9647
2148
9648
2149
9649
2150
9650
2151
9651
2152
9652
2153
9653
2154
9654
2155
9655
2156
9656
2157
9657
2158
9658
2159
9659
2160
9660
2161
9661
2162
9662
2163
9663
2164
9664
2165
9665
2166
9666
2167
9667
2168
9668
2169
9669
2170
9670
2171
9671
2172
9672
2173
9673
2174
9674
2175
9675
2176
9676
2177
9677
2178
9678
2179
9679
2180
9680
2181
9681
2182
9682
2183
9683
2184
9684
2185
9685
2186
9686
2187
9687
2188
9688
2189
9689
2190
9690
2191
9691
2192
9692
2193
9693
2194
9694
2195
9695
2196
9696
2197
9697
2198
9698
2199
9699
2200
9700
2201
9701
2202
9702
2203
9703
2204
9704
2205
9705
2206
9706
2207
9707
2208
9708
2209
9709
2210
9710
2211
9711
2212
9712
2213
9713
2214
9714
2215
9715
2216
9716
2217
9717
2218
9718
2219
9719
2220
9720
2221
9721
2222
9722
2223
9723
2224
9724
2225
9725
2226
9726
2227
9727
2228
9728
2229
9729
2230
9730
2231
9731
2232
9732
2233
9733
2234
9734
2235
9735
2236
9736
2237
9737
2238
9738
2239
9739
2240
9740
2241
9741
2242
9742
2243
9743
2244
9744
2245
9745
2246
9746
2247
9747
2248
9748
2249
9749
2250
9750
2251
9751
2252
9752
2253
9753
2254
9754
2255
9755
2256
9756
2257
9757
2258
9758
2259
9759
2260
9760
2261
9761
2262
9762
2263
9763
2264
9764
2265
9765
2266
9766
2267
9767
2268
9768
2269
9769
2270
9770
2271
9771
2272
9772
2273
9773
2274
9774
2275
9775
2276
9776
2277
9777
2278
9778
2279
9779
2280
9780
2281
9781
2282
9782
2283
9783
2284
9784
2285
9785
2286
9786
2287
9787
2288
9788
2289
9789
2290
9790
2291
9791
2292
9792
2293
9793
2294
9794
2295
9795
2296
9796
2297
9797
2298
9798
2299
9799
2300
9800
2301
9801
2302
9802
2303
9803
2304
9804
2305
9805
2306
9806
2307
9807
2308
9808
2309
9809
2310
9810
2311
9811
2312
9812
2313
9813
2314
9814
2315
9815
2316
9816
2317
9817
2318
9818
2319
9819
2320
9820
2321
9821
2322
9822
2323
9823
2324
9824
2325
9825
2326
9826
2327
9827
2328
9828
2329
9829
2330
9830
2331
9831
2332
9832
2333
9833
2334
9834
2335
9835
2336
9836
2337
9837
2338
9838
2339
9839
2340
9840
2341
9841
2342
9842
2343
9843
2344
9844
2345
9845
2346
9846
2347
9847
2348
9848
2349
9849
2350
9850
2351
9851
2352
9852
2353
9853
2354
9854
2355
9855
2356
9856
2357
9857
2358
9858
2359
9859
2360
9860
2361
9861
2362
9862
2363
9863
2364
9864
2365
9865
2366
9866
2367
9867
2368
9868
2369
9869
2370
9870
2371
9871
2372
9872
2373
9873
2374
9874
2375
9875
2376
9876
2377
9877
2378
9878
2379
9879
2380
9880
2381
9881
2382
9882
2383
9883
2384
9884
2385
9885
2386
9886
2387
9887
2388
9888
2389
9889
2390
9890
2391
9891
2392
9892
2393
9893
2394
9894
2395
9895
2396
9896
2397
9897
2398
9898
2399
9899
2400
9900
2401
9901
2402
9902
2403
9903
2404
9904
2405
9905
2406
9906
2407
9907
2408
9908
2409
9909
2410
9910
2411
9911
2412
9912
2413
9913
2414
9914
2415
9915
2416
9916
2417
9917
2418
9918
2419
9919
2420
9920
2421
9921
2422
9922
2423
9923
2424
9924
2425
9925
2426
9926
2427
9927
2428
9928
2429
9929
2430
9930
2431
9931
2432
9932
2433
9933
2434
9934
2435
9935
2436
9936
2437
9937
2438
9938
2439
9939
2440
9940
2441
9941
2442
9942
2443
9943
2444
9944
2445
9945
2446
9946
2447
9947
2448
9948
2449
9949
2450
9950
2451
9951
2452
9952
2453
9953
2454
9954
2455
9955
2456
9956
2457
9957
2458
9958
2459
9959
2460
9960
2461
9961
2462
9962
2463
9963
2464
9964
2465
9965
2466
9966
2467
9967
2468
9968
2469
9969
2470
9970
2471
9971
2472
9972
2473
9973
2474
9974
2475
9975
2476
9976
2477
9977
2478
9978
2479
9979
2480
9980
2481
9981
2482
9982
2483
9983
2484
9984
2485
9985
2486
9986
2487
9987
2488
9988
2489
9989
2490
9990
2491
9991
2492
9992
2493
9993
2494
9994
2495
9995
2496
9996
2497
9997
2498
9998
2499
9999
2500
10000
2501
10001
2502
10002
2503
10003
2504
10004
2505
10005
2506
10006
2507
10007
2508
10008
2509
10009
2510
10010
2511
10011
2512
10012
2513
10013
2514
10014
2515
10015
2516
10016
2517
10017
2518
10018
2519
10019
2520
10020
2521
10021
2522
10022
2523
10023
2524
10024
2525
10025
2526
10026
2527
10027
2528
10028
2529
10029
2530
10030
2531
10031
2532
10032
2533
10033
2534
10034
2535
10035
2536
10036
2537
10037
2538
10038
2539
10039
2540
10040
2541
10041
2542
10042
2543
10043
2544
10044
2545
10045
2546
10046
2547
10047
2548
10048
2549
10049
2550
10050
2551
10051
2552
10052
2553
10053
2554
10054
2555
10055
2556
10056
2557
10057
2558
10058
2559
10059
2560
10060
2561
10061
2562
10062
2563
10063
2564
10064
2565
10065
2566
10066
2567
10067
2568
10068
2569
10069
2570
10070
2571
10071
2572
10072
2573
10073
2574
10074
2575
10075
2576
10076
2577
10077
2578
10078
2579
10079
2580
10080
2581
10081
2582
10082
2583
10083
2584
10084
2585
10085
2586
10086
2587
10087
2588
10088
2589
10089
2590
10090
2591
10091
2592
10092
2593
10093
2594
10094
2595
10095
2596
10096
2597
10097
2598
10098
2599
10099
2600
10100
2601
10101
2602
10102
2603
10103
2604
10104
2605
10105
2606
10106
2607
10107
2608
10108
2609
10109
2610
10110
2611
10111
2612
10112
2613
10113
2614
10114
2615
10115
2616
10116
2617
10117
2618
10118
2619
10119
2620
10120
2621
10121
2622
10122
2623
10123
2624
10124
2625
10125
2626
10126
2627
10127
2628
10128
2629
10129
2630
10130
2631
10131
2632
10132
2633
10133
2634
10134
2635
10135
2636
10136
2637
10137
2638
10138
2639
10139
2640
10140
2641
10141
2642
10142
2643
10143
2644
10144
2645
10145
2646
10146
2647
10147
2648
10148
2649
10149
2650
10150
2651
10151
2652
10152
2653
10153
2654
10154
2655
10155
2656
10156
2657
10157
2658
10158
2659
10159
2660
10160
2661
10161
2662
10162
2663
10163
2664
10164
2665
10165
2666
10166
2667
10167
2668
10168
2669
10169
2670
10170
2671
10171
2672
10172
2673
10173
2674
10174
2675
10175
2676
10176
2677
10177
2678
10178
2679
10179
2680
10180
2681
10181
2682
10182
2683
10183
2684
10184
2685
10185
2686
10186
2687
10187
2688
10188
2689
10189
2690
10190
2691
10191
2692
10192
2693
10193
2694
10194
2695
10195
2696
10196
2697
10197
2698
10198
2699
10199
2700
10200
2701
10201
2702
10202
2703
10203
2704
10204
2705
10205
2706
10206
2707
10207
2708
10208
2709
10209
2710
10210
2711
10211
2712
10212
2713
10213
2714
10214
2715
10215
2716
10216
2717
10217
2718
10218
2719
10219
2720
10220
2721
10221
2722
10222
2723
10223
2724
10224
2725
10225
2726
10226
2727
10227
2728
10228
2729
10229
2730
10230
2731
10231
2732
10232
2733
10233
2734
10234
2735
10235
2736
10236
2737
10237
2738
10238
2739
10239
2740
10240
2741
10241
2742
10242
2743
10243
2744
10244
2745
10245
2746
10246
2747
10247
2748
10248
2749
10249
2750
10250
2751
10251
2752
10252
2753
10253
2754
10254
2755
10255
2756
10256
2757
10257
2758
10258
2759
10259
2760
10260
2761
10261
2762
10262
2763
10263
2764
10264
2765
10265
2766
10266
2767
10267
2768
10268
2769
10269
2770
10270
2771
10271
2772
10272
2773
10273
2774
10274
2775
10275
2776
10276
2777
10277
2778
10278
2779
10279
2780
10280
2781
10281
2782
10282
2783
10283
2784
10284
2785
10285
2786
10286
2787
10287
2788
10288
2789
10289
2790
10290
2791
10291
2792
10292
2793
10293
2794
10294
2795
10295
2796
10296
2797
10297
2798
10298
2799
10299
2800
10300
2801
10301
2802
10302
2803
10303
2804
10304
2805
10305
2806
10306
2807
10307
2808
10308
2809
10309
2810
10310
2811
10311
2812
10312
2813
10313
2814
10314
2815
10315
2816
10316
2817
10317
2818
10318
2819
10319
2820
10320
2821
10321
2822
10322
2823
10323
2824
10324
2825
10325
2826
10326
2827
10327
2828
10328
2829
10329
2830
10330
2831
10331
2832
10332
2833
10333
2834
10334
2835
10335
2836
10336
2837
10337
2838
10338
2839
10339
2840
10340
2841
10341
2842
10342
2843
10343
2844
10344
2845
10345
2846
10346
2847
10347
2848
10348
2849
10349
2850
10350
2851
10351
2852
10352
2853
10353
2854
10354
2855
10355
2856
10356
2857
10357
2858
10358
2859
10359
2860
10360
2861
10361
2862
10362
2863
10363
2864
10364
2865
10365
2866
10366
2867
10367
2868
10368
2869
10369
2870
10370
2871
10371
2872
10372
2873
10373
2874
10374
2875
10375
2876
10376
2877
10377
2878
10378
2879
10379
2880
10380
2881
10381
2882
10382
2883
10383
2884
10384
2885
10385
2886
10386
2887
10387
2888
10388
2889
10389
2890
10390
2891
10391
2892
10392
2893
10393
2894
10394
2895
10395
2896
10396
2897
10397
2898
10398
2899
10399
2900
10400
2901
10401
2902
10402
2903
10403
2904
10404
2905
10405
2906
10406
2907
10407
2908
10408
2909
10409
2910
10410
2911
10411
2912
10412
2913
10413
2914
10414
2915
10415
2916
10416
2917
10417
2918
10418
2919
10419
2920
10420
2921
10421
2922
10422
2923
10423
2924
10424
2925
10425
2926
10426
2927
10427
2928
10428
2929
10429
2930
10430
2931
10431
2932
10432
2933
10433
2934
10434
2935
10435
2936
10436
2937
10437
2938
10438
2939
10439
2940
10440
2941
10441
2942
10442
2943
10443
2944
10444
2945
10445
2946
10446
2947
10447
2948
10448
2949
10449
2950
10450
2951
10451
2952
10452
2953
10453
2954
10454
2955
10455
2956
10456
2957
10457
2958
10458
2959
10459
2960
10460
2961
10461
2962
10462
2963
10463
2964
10464
2965
10465
2966
10466
2967
10467
2968
10468
2969
10469
2970
10470
2971
10471
2972
10472
2973
10473
2974
10474
2975
10475
2976
10476
2977
10477
2978
10478
2979
10479
2980
10480
2981
10481
2982
10482
2983
10483
2984
10484
2985
10485
2986
10486
2987
10487
2988
10488
2989
10489
2990
10490
2991
10491
2992
10492
2993
10493
2994
10494
2995
10495
2996
10496
2997
10497
2998
10498
2999
10499
3000
10500
3001
10501
3002
10502
3003
10503
3004
10504
3005
10505
3006
10506
3007
10507
3008
10508
3009
10509
3010
10510
3011
10511
3012
10512
3013
10513
3014
10514
3015
10515
3016
10516
3017
10517
3018
10518
3019
10519
3020
10520
3021
10521
3022
10522
3023
10523
3024
10524
3025
10525
3026
10526
3027
10527
3028
10528
3029
10529
3030
10530
3031
10531
3032
10532
3033
10533
3034
10534
3035
10535
3036
10536
3037
10537
3038
10538
3039
10539
3040
10540
3041
10541
3042
10542
3043
10543
3044
10544
3045
10545
3046
10546
3047
10547
3048
10548
3049
10549
3050
10550
3051
10551
3052
10552
3053
10553
3054
10554
3055
10555
3056
10556
3057
10557
3058
10558
3059
10559
3060
10560
3061
10561
3062
10562
3063
10563
3064
10564
3065
10565
3066
10566
3067
10567
3068
10568
3069
10569
3070
10570
3071
10571
3072
10572
3073
10573
3074
10574
3075
10575
3076
10576
3077
10577
3078
10578
3079
10579
3080
10580
3081
10581
3082
10582
3083
10583
3084
10584
3085
10585
3086
10586
3087
10587
3088
10588
3089
10589
3090
10590
3091
10591
3092
10592
3093
10593
3094
10594
3095
10595
3096
10596
3097
10597
3098
10598
3099
10599
3100
10600
3101
10601
3102
10602
3103
10603
3104
10604
3105
10605
3106
10606
3107
10607
3108
10608
3109
10609
3110
10610
3111
10611
3112
10612
3113
10613
3114
10614
3115
10615
3116
10616
3117
10617
3118
10618
3119
10619
3120
10620
3121
10621
3122
10622
3123
10623
3124
10624
3125
10625
3126
10626
3127
10627
3128
10628
3129
10629
3130
10630
3131
10631
3132
10632
3133
10633
3134
10634
3135
10635
3136
10636
3137
10637
3138
10638
3139
10639
3140
10640
3141
10641
3142
10642
3143
10643
3144
10644
3145
10645
3146
10646
3147
10647
3148
10648
3149
10649
3150
10650
3151
10651
3152
10652
3153
10653
3154
10654
3155
10655
3156
10656
3157
10657
3158
10658
3159
10659
3160
10660
3161
10661
3162
10662
3163
10663
3164
10664
3165
10665
3166
10666
3167
10667
3168
10668
3169
10669
3170
10670
3171
10671
3172
10672
3173
10673
3174
10674
3175
10675
3176
10676
3177
10677
3178
10678
3179
10679
3180
10680
3181
10681
3182
10682
3183
10683
3184
10684
3185
10685
3186
10686
3187
10687
3188
10688
3189
10689
3190
10690
3191
10691
3192
10692
3193
10693
3194
10694
3195
10695
3196
10696
3197
10697
3198
10698
3199
10699
3200
10700
3201
10701
3202
10702
3203
10703
3204
10704
3205
10705
3206
10706
3207
10707
3208
10708
3209
10709
3210
10710
3211
10711
3212
10712
3213
10713
3214
10714
3215
10715
3216
10716
3217
10717
3218
10718
3219
10719
3220
10720
3221
10721
3222
10722
3223
10723
3224
10724
3225
10725
3226
10726
3227
10727
3228
10728
3229
10729
3230
10730
3231
10731
3232
10732
3233
10733
3234
10734
3235
10735
3236
10736
3237
10737
3238
10738
3239
10739
3240
10740
3241
10741
3242
10742
3243
10743
3244
10744
3245
10745
3246
10746
3247
10747
3248
10748
3249
10749
3250
10750
3251
10751
3252
10752
3253
10753
3254
10754
3255
10755
3256
10756
3257
10757
3258
10758
3259
10759
3260
10760
3261
10761
3262
10762
3263
10763
3264
10764
3265
10765
3266
10766
3267
10767
3268
10768
3269
10769
3270
10770
3271
10771
3272
10772
3273
10773
3274
10774
3275
10775
3276
10776
3277
10777
3278
10778
3279
10779
3280
10780
3281
10781
3282
10782
3283
10783
3284
10784
3285
10785
3286
10786
3287
10787
3288
10788
3289
10789
3290
10790
3291
10791
3292
10792
3293
10793
3294
10794
3295
10795
3296
10796
3297
10797
3298
10798
3299
10799
3300
10800
3301
10801
3302
10802
3303
10803
3304
10804
3305
10805
3306
10806
3307
10807
3308
10808
3309
10809
3310
10810
3311
10811
3312
10812
3313
10813
3314
10814
3315
10815
3316
10816
3317
10817
3318
10818
3319
10819
3320
10820
3321
10821
3322
10822
3323
10823
3324
10824
3325
10825
3326
10826
3327
10827
3328
10828
3329
10829
3330
10830
3331
10831
3332
10832
3333
10833
3334
10834
3335
10835
3336
10836
3337
10837
3338
10838
3339
10839
3340
10840
3341
10841
3342
10842
3343
10843
3344
10844
3345
10845
3346
10846
3347
10847
3348
10848
3349
10849
3350
10850
3351
10851
3352
10852
3353
10853
3354
10854
3355
10855
3356
10856
3357
10857
3358
10858
3359
10859
3360
10860
3361
10861
3362
10862
3363
10863
3364
10864
3365
10865
3366
10866
3367
10867
3368
10868
3369
10869
3370
10870
3371
10871
3372
10872
3373
10873
3374
10874
3375
10875
3376
10876
3377
10877
3378
10878
3379
10879
3380
10880
3381
10881
3382
10882
3383
10883
3384
10884
3385
10885
3386
10886
3387
10887
3388
10888
3389
10889
3390
10890
3391
10891
3392
10892
3393
10893
3394
10894
3395
10895
3396
10896
3397
10897
3398
10898
3399
10899
3400
10900
3401
10901
3402
10902
3403
10903
3404
10904
3405
10905
3406
10906
3407
10907
3408
10908
3409
10909
3410
10910
3411
10911
3412
10912
3413
10913
3414
10914
3415
10915
3416
10916
3417
10917
3418
10918
3419
10919
3420
10920
3421
10921
3422
10922
3423
10923
3424
10924
3425
10925
3426
10926
3427
10927
3428
10928
3429
10929
3430
10930
3431
10931
3432
10932
3433
10933
3434
10934
3435
10935
3436
10936
3437
10937
3438
10938
3439
10939
3440
10940
3441
10941
3442
10942
3443
10943
3444
10944
3445
10945
3446
10946
3447
10947
3448
10948
3449
10949
3450
10950
3451
10951
3452
10952
3453
10953
3454
10954
3455
10955
3456
10956
3457
10957
3458
10958
3459
10959
3460
10960
3461
10961
3462
10962
3463
10963
3464
10964
3465
10965
3466
10966
3467
10967
3468
10968
3469
10969
3470
10970
3471
10971
3472
10972
3473
10973
3474
10974
3475
10975
3476
10976
3477
10977
3478
10978
3479
10979
3480
10980
3481
10981
3482
10982
3483
10983
3484
10984
3485
10985
3486
10986
3487
10987
3488
10988
3489
10989
3490
10990
3491
10991
3492
10992
3493
10993
3494
10994
3495
10995
3496
10996
3497
10997
3498
10998
3499
10999
3500
11000
3501
11001
3502
11002
3503
11003
3504
11004
3505
11005
3506
11006
3507
11007
3508
11008
3509
11009
3510
11010
3511
11011
3512
11012
3513
11013
3514
11014
3515
11015
3516
11016
3517
11017
3518
11018
3519
11019
3520
11020
3521
11021
3522
11022
3523
11023
3524
11024
3525
11025
3526
11026
3527
11027
3528
11028
3529
11029
3530
11030
3531
11031
3532
11032
3533
11033
3534
11034
3535
11035
3536
11036
3537
11037
3538
11038
3539
11039
3540
11040
3541
11041
3542
11042
3543
11043
3544
11044
3545
11045
3546
11046
3547
11047
3548
11048
3549
11049
3550
11050
3551
11051
3552
11052
3553
11053
3554
11054
3555
11055
3556
11056
3557
11057
3558
11058
3559
11059
3560
11060
3561
11061
3562
11062
3563
11063
3564
11064
3565
11065
3566
11066
3567
11067
3568
11068
3569
11069
3570
11070
3571
11071
3572
11072
3573
11073
3574
11074
3575
11075
3576
11076
3577
11077
3578
11078
3579
11079
3580
11080
3581
11081
3582
11082
3583
11083
3584
11084
3585
11085
3586
11086
3587
11087
3588
11088
3589
11089
3590
11090
3591
11091
3592
11092
3593
11093
3594
11094
3595
11095
3596
11096
3597
11097
3598
11098
3599
11099
3600
11100
3601
11101
3602
11102
3603
11103
3604
11104
3605
11105
3606
11106
3607
11107
3608
11108
3609
11109
3610
11110
3611
11111
3612
11112
3613
11113
3614
11114
3615
11115
3616
11116
3617
11117
3618
11118
3619
11119
3620
11120
3621
11121
3622
11122
3623
11123
3624
11124
3625
11125
3626
11126
3627
11127
3628
11128
3629
11129
3630
11130
3631
11131
3632
11132
3633
11133
3634
11134
3635
11135
3636
11136
3637
11137
3638
11138
3639
11139
3640
11140
3641
11141
3642
11142
3643
11143
3644
11144
3645
11145
3646
11146
3647
11147
3648
11148
3649
11149
3650
11150
3651
11151
3652
11152
3653
11153
3654
11154
3655
11155
3656
11156
3657
11157
3658
11158
3659
11159
3660
11160
3661
11161
3662
11162
3663
11163
3664
11164
3665
11165
3666
11166
3667
11167
3668
11168
3669
11169
3670
11170
3671
11171
3672
11172
3673
11173
3674
11174
3675
11175
3676
11176
3677
11177
3678
11178
3679
11179
3680
11180
3681
11181
3682
11182
3683
11183
3684
11184
3685
11185
3686
11186
3687
11187
3688
11188
3689
11189
3690
11190
3691
11191
3692
11192
3693
11193
3694
11194
3695
11195
3696
11196
3697
11197
3698
11198
3699
11199
3700
11200
3701
11201
3702
11202
3703
11203
3704
11204
3705
11205
3706
11206
3707
11207
3708
11208
3709
11209
3710
11210
3711
11211
3712
11212
3713
11213
3714
11214
3715
11215
3716
11216
3717
11217
3718
11218
3719
11219
3720
11220
3721
11221
3722
11222
3723
11223
3724
11224
3725
11225
3726
11226
3727
11227
3728
11228
3729
11229
3730
11230
3731
11231
3732
11232
3733
11233
3734
11234
3735
11235
3736
11236
3737
11237
3738
11238
3739
11239
3740
11240
3741
11241
3742
11242
3743
11243
3744
11244
3745
11245
3746
11246
3747
11247
3748
11248
3749
11249
3750
11250
3751
11251
3752
11252
3753
11253
3754
11254
3755
11255
3756
11256
3757
11257
3758
11258
3759
11259
3760
11260
3761
11261
3762
11262
3763
11263
3764
11264
3765
11265
3766
11266
3767
11267
3768
11268
3769
11269
3770
11270
3771
11271
3772
11272
3773
11273
3774
11274
3775
11275
3776
11276
3777
11277
3778
11278
3779
11279
3780
11280
3781
11281
3782
11282
3783
11283
3784
11284
3785
11285
3786
11286
3787
11287
3788
11288
3789
11289
3790
11290
3791
11291
3792
11292
3793
11293
3794
11294
3795
11295
3796
11296
3797
11297
3798
11298
3799
11299
3800
11300
3801
11301
3802
11302
3803
11303
3804
11304
3805
11305
3806
11306
3807
11307
3808
11308
3809
11309
3810
11310
3811
11311
3812
11312
3813
11313
3814
11314
3815
11315
3816
11316
3817
11317
3818
11318
3819
11319
3820
11320
3821
11321
3822
11322
3823
11323
3824
11324
3825
11325
3826
11326
3827
11327
3828
11328
3829
11329
3830
11330
3831
11331
3832
11332
3833
11333
3834
11334
3835
11335
3836
11336
3837
11337
3838
11338
3839
11339
3840
11340
3841
11341
3842
11342
3843
11343
3844
11344
3845
11345
3846
11346
3847
11347
3848
11348
3849
11349
3850
11350
3851
11351
3852
11352
3853
11353
3854
11354
3855
11355
3856
11356
3857
11357
3858
11358
3859
11359
3860
11360
3861
11361
3862
11362
3863
11363
3864
11364
3865
11365
3866
11366
3867
11367
3868
11368
3869
11369
3870
11370
3871
11371
3872
11372
3873
11373
3874
11374
3875
11375
3876
11376
3877
11377
3878
11378
3879
11379
3880
11380
3881
11381
3882
11382
3883
11383
3884
11384
3885
11385
3886
11386
3887
11387
3888
11388
3889
11389
3890
11390
3891
11391
3892
11392
3893
11393
3894
11394
3895
11395
3896
11396
3897
11397
3898
11398
3899
11399
3900
11400
3901
11401
3902
11402
3903
11403
3904
11404
3905
11405
3906
11406
3907
11407
3908
11408
3909
11409
3910
11410
3911
11411
3912
11412
3913
11413
3914
11414
3915
11415
3916
11416
3917
11417
3918
11418
3919
11419
3920
11420
3921
11421
3922
11422
3923
11423
3924
11424
3925
11425
3926
11426
3927
11427
3928
11428
3929
11429
3930
11430
3931
11431
3932
11432
3933
11433
3934
11434
3935
11435
3936
11436
3937
11437
3938
11438
3939
11439
3940
11440
3941
11441
3942
11442
3943
11443
3944
11444
3945
11445
3946
11446
3947
11447
3948
11448
3949
11449
3950
11450
3951
11451
3952
11452
3953
11453
3954
11454
3955
11455
3956
11456
3957
11457
3958
11458
3959
11459
3960
11460
3961
11461
3962
11462
3963
11463
3964
11464
3965
11465
3966
11466
3967
11467
3968
11468
3969
11469
3970
11470
3971
11471
3972
11472
3973
11473
3974
11474
3975
11475
3976
11476
3977
11477
3978
11478
3979
11479
3980
11480
3981
11481
3982
11482
3983
11483
3984
11484
3985
11485
3986
11486
3987
11487
3988
11488
3989
11489
3990
11490
3991
11491
3992
11492
3993
11493
3994
11494
3995
11495
3996
11496
3997
11497
3998
11498
3999
11499
4000
11500
4001
11501
4002
11502
4003
11503
4004
11504
4005
11505
4006
11506
4007
11507
4008
11508
4009
11509
4010
11510
4011
11511
4012
11512
4013
11513
4014
11514
4015
11515
4016
11516
4017
11517
4018
11518
4019
11519
4020
11520
4021
11521
4022
11522
4023
11523
4024
11524
4025
11525
4026
11526
4027
11527
4028
11528
4029
11529
4030
11530
4031
11531
4032
11532
4033
11533
4034
11534
4035
11535
4036
11536
4037
11537
4038
11538
4039
11539
4040
11540
4041
11541
4042
11542
4043
11543
4044
11544
4045
11545
4046
11546
4047
11547
4048
11548
4049
11549
4050
11550
4051
11551
4052
11552
4053
11553
4054
11554
4055
11555
4056
11556
4057
11557
4058
11558
4059
11559
4060
11560
4061
11561
4062
11562
4063
11563
4064
11564
4065
11565
4066
11566
4067
11567
4068
11568
4069
11569
4070
11570
4071
11571
4072
11572
4073
11573
4074
11574
4075
11575
4076
11576
4077
11577
4078
11578
4079
11579
4080
11580
4081
11581
4082
11582
4083
11583
4084
11584
4085
11585
4086
11586
4087
11587
4088
11588
4089
11589
4090
11590
4091
11591
4092
11592
4093
11593
4094
11594
4095
11595
4096
11596
4097
11597
4098
11598
4099
11599
4100
11600
4101
11601
4102
11602
4103
11603
4104
11604
4105
11605
4106
11606
4107
11607
4108
11608
4109
11609
4110
11610
4111
11611
4112
11612
4113
11613
4114
11614
4115
11615
4116
11616
4117
11617
4118
11618
4119
11619
4120
11620
4121
11621
4122
11622
4123
11623
4124
11624
4125
11625
4126
11626
4127
11627
4128
11628
4129
11629
4130
11630
4131
11631
4132
11632
4133
11633
4134
11634
4135
11635
4136
11636
4137
11637
4138
11638
4139
11639
4140
11640
4141
11641
4142
11642
4143
11643
4144
11644
4145
11645
4146
11646
4147
11647
4148
11648
4149
11649
4150
11650
4151
11651
4152
11652
4153
11653
4154
11654
4155
11655
4156
11656
4157
11657
4158
11658
4159
11659
4160
11660
4161
11661
4162
11662
4163
11663
4164
11664
4165
11665
4166
11666
4167
11667
4168
11668
4169
11669
4170
11670
4171
11671
4172
11672
4173
11673
4174
11674
4175
11675
4176
11676
4177
11677
4178
11678
4179
11679
4180
11680
4181
11681
4182
11682
4183
11683
4184
11684
4185
11685
4186
11686
4187
11687
4188
11688
4189
11689
4190
11690
4191
11691
4192
11692
4193
11693
4194
11694
4195
11695
4196
11696
4197
11697
4198
11698
4199
11699
4200
11700
4201
11701
4202
11702
4203
11703
4204
11704
4205
11705
4206
11706
4207
11707
4208
11708
4209
11709
4210
11710
4211
11711
4212
11712
4213
11713
4214
11714
4215
11715
4216
11716
4217
11717
4218
11718
4219
11719
4220
11720
4221
11721
4222
11722
4223
11723
4224
11724
4225
11725
4226
11726
4227
11727
4228
11728
4229
11729
4230
11730
4231
11731
4232
11732
4233
11733
4234
11734
4235
11735
4236
11736
4237
11737
4238
11738
4239
11739
4240
11740
4241
11741
4242
11742
4243
11743
4244
11744
4245
11745
4246
11746
4247
11747
4248
11748
4249
11749
4250
11750
4251
11751
4252
11752
4253
11753
4254
11754
4255
11755
4256
11756
4257
11757
4258
11758
4259
11759
4260
11760
4261
11761
4262
11762
4263
11763
4264
11764
4265
11765
4266
11766
4267
11767
4268
11768
4269
11769
4270
11770
4271
11771
4272
11772
4273
11773
4274
11774
4275
11775
4276
11776
4277
11777
4278
11778
4279
11779
4280
11780
4281
11781
4282
11782
4283
11783
4284
11784
4285
11785
4286
11786
4287
11787
4288
11788
4289
11789
4290
11790
4291
11791
4292
11792
4293
11793
4294
11794
4295
11795
4296
11796
4297
11797
4298
11798
4299
11799
4300
11800
4301
11801
4302
11802
4303
11803
4304
11804
4305
11805
4306
11806
4307
11807
4308
11808
4309
11809
4310
11810
4311
11811
4312
11812
4313
11813
4314
11814
4315
11815
4316
11816
4317
11817
4318
11818
4319
11819
4320
11820
4321
11821
4322
11822
4323
11823
4324
11824
4325
11825
4326
11826
4327
11827
4328
11828
4329
11829
4330
11830
4331
11831
4332
11832
4333
11833
4334
11834
4335
11835
4336
11836
4337
11837
4338
11838
4339
11839
4340
11840
4341
11841
4342
11842
4343
11843
4344
11844
4345
11845
4346
11846
4347
11847
4348
11848
4349
11849
4350
11850
4351
11851
4352
11852
4353
11853
4354
11854
4355
11855
4356
11856
4357
11857
4358
11858
4359
11859
4360
11860
4361
11861
4362
11862
4363
11863
4364
11864
4365
11865
4366
11866
4367
11867
4368
11868
4369
11869
4370
11870
4371
11871
4372
11872
4373
11873
4374
11874
4375
11875
4376
11876
4377
11877
4378
11878
4379
11879
4380
11880
4381
11881
4382
11882
4383
11883
4384
11884
4385
11885
4386
11886
4387
11887
4388
11888
4389
11889
4390
11890
4391
11891
4392
11892
4393
11893
4394
11894
4395
11895
4396
11896
4397
11897
4398
11898
4399
11899
4400
11900
4401
11901
4402
11902
4403
11903
4404
11904
4405
11905
4406
11906
4407
11907
4408
11908
4409
11909
4410
11910
4411
11911
4412
11912
4413
11913
4414
11914
4415
11915
4416
11916
4417
11917
4418
11918
4419
11919
4420
11920
4421
11921
4422
11922
4423
11923
4424
11924
4425
11925
4426
11926
4427
11927
4428
11928
4429
11929
4430
11930
4431
11931
4432
11932
4433
11933
4434
11934
4435
11935
4436
11936
4437
11937
4438
11938
4439
11939
4440
11940
4441
11941
4442
11942
4443
11943
4444
11944
4445
11945
4446
11946
4447
11947
4448
11948
4449
11949
4450
11950
4451
11951
4452
11952
4453
11953
4454
11954
4455
11955
4456
11956
4457
11957
4458
11958
4459
11959
4460
11960
4461
11961
4462
11962
4463
11963
4464
11964
4465
11965
4466
11966
4467
11967
4468
11968
4469
11969
4470
11970
4471
11971
4472
11972
4473
11973
4474
11974
4475
11975
4476
11976
4477
11977
4478
11978
4479
11979
4480
11980
4481
11981
4482
11982
4483
11983
4484
11984
4485
11985
4486
11986
4487
11987
4488
11988
4489
11989
4490
11990
4491
11991
4492
11992
4493
11993
4494
11994
4495
11995
4496
11996
4497
11997
4498
11998
4499
11999
4500
12000
4501
12001
4502
12002
4503
12003
4504
12004
4505
12005
4506
12006
4507
12007
4508
12008
4509
12009
4510
12010
4511
12011
4512
12012
4513
12013
4514
12014
4515
12015
4516
12016
4517
12017
4518
12018
4519
12019
4520
12020
4521
12021
4522
12022
4523
12023
4524
12024
4525
12025
4526
12026
4527
12027
4528
12028
4529
12029
4530
12030
4531
12031
4532
12032
4533
12033
4534
12034
4535
12035
4536
12036
4537
12037
4538
12038
4539
12039
4540
12040
4541
12041
4542
12042
4543
12043
4544
12044
4545
12045
4546
12046
4547
12047
4548
12048
4549
12049
4550
12050
4551
12051
4552
12052
4553
12053
4554
12054
4555
12055
4556
12056
4557
12057
4558
12058
4559
12059
4560
12060
4561
12061
4562
12062
4563
12063
4564
12064
4565
12065
4566
12066
4567
12067
4568
12068
4569
12069
4570
12070
4571
12071
4572
12072
4573
12073
4574
12074
4575
12075
4576
12076
4577
12077
4578
12078
4579
12079
4580
12080
4581
12081
4582
12082
4583
12083
4584
12084
4585
12085
4586
12086
4587
12087
4588
12088
4589
12089
4590
12090
4591
12091
4592
12092
4593
12093
4594
12094
4595
12095
4596
12096
4597
12097
4598
12098
4599
12099
4600
12100
4601
12101
4602
12102
4603
12103
4604
12104
4605
12105
4606
12106
4607
12107
4608
12108
4609
12109
4610
12110
4611
12111
4612
12112
4613
12113
4614
12114
4615
12115
4616
12116
4617
12117
4618
12118
4619
12119
4620
12120
4621
12121
4622
12122
4623
12123
4624
12124
4625
12125
4626
12126
4627
12127
4628
12128
4629
12129
4630
12130
4631
12131
4632
12132
4633
12133
4634
12134
4635
12135
4636
12136
4637
12137
4638
12138
4639
12139
4640
12140
4641
12141
4642
12142
4643
12143
4644
12144
4645
12145
4646
12146
4647
12147
4648
12148
4649
12149
4650
12150
4651
12151
4652
12152
4653
12153
4654
12154
4655
12155
4656
12156
4657
12157
4658
12158
4659
12159
4660
12160
4661
12161
4662
12162
4663
12163
4664
12164
4665
12165
4666
12166
4667
12167
4668
12168
4669
12169
4670
12170
4671
12171
4672
12172
4673
12173
4674
12174
4675
12175
4676
12176
4677
12177
4678
12178
4679
12179
4680
12180
4681
12181
4682
12182
4683
12183
4684
12184
4685
12185
4686
12186
4687
12187
4688
12188
4689
12189
4690
12190
4691
12191
4692
12192
4693
12193
4694
12194
4695
12195
4696
12196
4697
12197
4698
12198
4699
12199
4700
12200
4701
12201
4702
12202
4703
12203
4704
12204
4705
12205
4706
12206
4707
12207
4708
12208
4709
12209
4710
12210
4711
12211
4712
12212
4713
12213
4714
12214
4715
12215
4716
12216
4717
12217
4718
12218
4719
12219
4720
12220
4721
12221
4722
12222
4723
12223
4724
12224
4725
12225
4726
12226
4727
12227
4728
12228
4729
12229
4730
12230
4731
12231
4732
12232
4733
12233
4734
12234
4735
12235
4736
12236
4737
12237
4738
12238
4739
12239
4740
12240
4741
12241
4742
12242
4743
12243
4744
12244
4745
12245
4746
12246
4747
12247
4748
12248
4749
12249
4750
12250
4751
12251
4752
12252
4753
12253
4754
12254
4755
12255
4756
12256
4757
12257
4758
12258
4759
12259
4760
12260
4761
12261
4762
12262
4763
12263
4764
12264
4765
12265
4766
12266
4767
12267
4768
12268
4769
12269
4770
12270
4771
12271
4772
12272
4773
12273
4774
12274
4775
12275
4776
12276
4777
12277
4778
12278
4779
12279
4780
12280
4781
12281
4782
12282
4783
12283
4784
12284
4785
12285
4786
12286
4787
12287
4788
12288
4789
12289
4790
12290
4791
12291
4792
12292
4793
12293
4794
12294
4795
12295
4796
12296
4797
12297
4798
12298
4799
12299
4800
12300
4801
12301
4802
12302
4803
12303
4804
12304
4805
12305
4806
12306
4807
12307
4808
12308
4809
12309
4810
12310
4811
12311
4812
12312
4813
12313
4814
12314
4815
12315
4816
12316
4817
12317
4818
12318
4819
12319
4820
12320
4821
12321
4822
12322
4823
12323
4824
12324
4825
12325
4826
12326
4827
12327
4828
12328
4829
12329
4830
12330
4831
12331
4832
12332
4833
12333
4834
12334
4835
12335
4836
12336
4837
12337
4838
12338
4839
12339
4840
12340
4841
12341
4842
12342
4843
12343
4844
12344
4845
12345
4846
12346
4847
12347
4848
12348
4849
12349
4850
12350
4851
12351
4852
12352
4853
12353
4854
12354
4855
12355
4856
12356
4857
12357
4858
12358
4859
12359
4860
12360
4861
12361
4862
12362
4863
12363
4864
12364
4865
12365
4866
12366
4867
12367
4868
12368
4869
12369
4870
12370
4871
12371
4872
12372
4873
12373
4874
12374
4875
12375
4876
12376
4877
12377
4878
12378
4879
12379
4880
12380
4881
12381
4882
12382
4883
12383
4884
12384
4885
12385
4886
12386
4887
12387
4888
12388
4889
12389
4890
12390
4891
12391
4892
12392
4893
12393
4894
12394
4895
12395
4896
12396
4897
12397
4898
12398
4899
12399
4900
12400
4901
12401
4902
12402
4903
12403
4904
12404
4905
12405
4906
12406
4907
12407
4908
12408
4909
12409
4910
12410
4911
12411
4912
12412
4913
12413
4914
12414
4915
12415
4916
12416
4917
12417
4918
12418
4919
12419
4920
12420
4921
12421
4922
12422
4923
12423
4924
12424
4925
12425
4926
12426
4927
12427
4928
12428
4929
12429
4930
12430
4931
12431
4932
12432
4933
12433
4934
12434
4935
12435
4936
12436
4937
12437
4938
12438
4939
12439
4940
12440
4941
12441
4942
12442
4943
12443
4944
12444
4945
12445
4946
12446
4947
12447
4948
12448
4949
12449
4950
12450
4951
12451
4952
12452
4953
12453
4954
12454
4955
12455
4956
12456
4957
12457
4958
12458
4959
12459
4960
12460
4961
12461
4962
12462
4963
12463
4964
12464
4965
12465
4966
12466
4967
12467
4968
12468
4969
12469
4970
12470
4971
12471
4972
12472
4973
12473
4974
12474
4975
12475
4976
12476
4977
12477
4978
12478
4979
12479
4980
12480
4981
12481
4982
12482
4983
12483
4984
12484
4985
12485
4986
12486
4987
12487
4988
12488
4989
12489
4990
12490
4991
12491
4992
12492
4993
12493
4994
12494
4995
12495
4996
12496
4997
12497
4998
12498
4999
12499
5000
12500
5001
12501
5002
12502
5003
12503
5004
12504
5005
12505
5006
12506
5007
12507
5008
12508
5009
12509
5010
12510
5011
12511
5012
12512
5013
12513
5014
12514
5015
12515
5016
12516
5017
12517
5018
12518
5019
12519
5020
12520
5021
12521
5022
12522
5023
12523
5024
12524
5025
12525
5026
12526
5027
12527
5028
12528
5029
12529
5030
12530
5031
12531
5032
12532
5033
12533
5034
12534
5035
12535
5036
12536
5037
12537
5038
12538
5039
12539
5040
12540
5041
12541
5042
12542
5043
12543
5044
12544
5045
12545
5046
12546
5047
12547
5048
12548
5049
12549
5050
12550
5051
12551
5052
12552
5053
12553
5054
12554
5055
12555
5056
12556
5057
12557
5058
12558
5059
12559
5060
12560
5061
12561
5062
12562
5063
12563
5064
12564
5065
12565
5066
12566
5067
12567
5068
12568
5069
12569
5070
12570
5071
12571
5072
12572
5073
12573
5074
12574
5075
12575
5076
12576
5077
12577
5078
12578
5079
12579
5080
12580
5081
12581
5082
12582
5083
12583
5084
12584
5085
12585
5086
12586
5087
12587
5088
12588
5089
12589
5090
12590
5091
12591
5092
12592
5093
12593
5094
12594
5095
12595
5096
12596
5097
12597
5098
12598
5099
12599
5100
12600
5101
12601
5102
12602
5103
12603
5104
12604
5105
12605
5106
12606
5107
12607
5108
12608
5109
12609
5110
12610
5111
12611
5112
12612
5113
12613
5114
12614
5115
12615
5116
12616
5117
12617
5118
12618
5119
12619
5120
12620
5121
12621
5122
12622
5123
12623
5124
12624
5125
12625
5126
12626
5127
12627
5128
12628
5129
12629
5130
12630
5131
12631
5132
12632
5133
12633
5134
12634
5135
12635
5136
12636
5137
12637
5138
12638
5139
12639
5140
12640
5141
12641
5142
12642
5143
12643
5144
12644
5145
12645
5146
12646
5147
12647
5148
12648
5149
12649
5150
12650
5151
12651
5152
12652
5153
12653
5154
12654
5155
12655
5156
12656
5157
12657
5158
12658
5159
12659
5160
12660
5161
12661
5162
12662
5163
12663
5164
12664
5165
12665
5166
12666
5167
12667
5168
12668
5169
12669
5170
12670
5171
12671
5172
12672
5173
12673
5174
12674
5175
12675
5176
12676
5177
12677
5178
12678
5179
12679
5180
12680
5181
12681
5182
12682
5183
12683
5184
12684
5185
12685
5186
12686
5187
12687
5188
12688
5189
12689
5190
12690
5191
12691
5192
12692
5193
12693
5194
12694
5195
12695
5196
12696
5197
12697
5198
12698
5199
12699
5200
12700
5201
12701
5202
12702
5203
12703
5204
12704
5205
12705
5206
12706
5207
12707
5208
12708
5209
12709
5210
12710
5211
12711
5212
12712
5213
12713
5214
12714
5215
12715
5216
12716
5217
12717
5218
12718
5219
12719
5220
12720
5221
12721
5222
12722
5223
12723
5224
12724
5225
12725
5226
12726
5227
12727
5228
12728
5229
12729
5230
12730
5231
12731
5232
12732
5233
12733
5234
12734
5235
12735
5236
12736
5237
12737
5238
12738
5239
12739
5240
12740
5241
12741
5242
12742
5243
12743
5244
12744
5245
12745
5246
12746
5247
12747
5248
12748
5249
12749
5250
12750
5251
12751
5252
12752
5253
12753
5254
12754
5255
12755
5256
12756
5257
12757
5258
12758
5259
12759
5260
12760
5261
12761
5262
12762
5263
12763
5264
12764
5265
12765
5266
12766
5267
12767
5268
12768
5269
12769
5270
12770
5271
12771
5272
12772
5273
12773
5274
12774
5275
12775
5276
12776
5277
12777
5278
12778
5279
12779
5280
12780
5281
12781
5282
12782
5283
12783
5284
12784
5285
12785
5286
12786
5287
12787
5288
12788
5289
12789
5290
12790
5291
12791
5292
12792
5293
12793
5294
12794
5295
12795
5296
12796
5297
12797
5298
12798
5299
12799
5300
12800
5301
12801
5302
12802
5303
12803
5304
12804
5305
12805
5306
12806
5307
12807
5308
12808
5309
12809
5310
12810
5311
12811
5312
12812
5313
12813
5314
12814
5315
12815
5316
12816
5317
12817
5318
12818
5319
12819
5320
12820
5321
12821
5322
12822
5323
12823
5324
12824
5325
12825
5326
12826
5327
12827
5328
12828
5329
12829
5330
12830
5331
12831
5332
12832
5333
12833
5334
12834
5335
12835
5336
12836
5337
12837
5338
12838
5339
12839
5340
12840
5341
12841
5342
12842
5343
12843
5344
12844
5345
12845
5346
12846
5347
12847
5348
12848
5349
12849
5350
12850
5351
12851
5352
12852
5353
12853
5354
12854
5355
12855
5356
12856
5357
12857
5358
12858
5359
12859
5360
12860
5361
12861
5362
12862
5363
12863
5364
12864
5365
12865
5366
12866
5367
12867
5368
12868
5369
12869
5370
12870
5371
12871
5372
12872
5373
12873
5374
12874
5375
12875
5376
12876
5377
12877
5378
12878
5379
12879
5380
12880
5381
12881
5382
12882
5383
12883
5384
12884
5385
12885
5386
12886
5387
12887
5388
12888
5389
12889
5390
12890
5391
12891
5392
12892
5393
12893
5394
12894
5395
12895
5396
12896
5397
12897
5398
12898
5399
12899
5400
12900
5401
12901
5402
12902
5403
12903
5404
12904
5405
12905
5406
12906
5407
12907
5408
12908
5409
12909
5410
12910
5411
12911
5412
12912
5413
12913
5414
12914
5415
12915
5416
12916
5417
12917
5418
12918
5419
12919
5420
12920
5421
12921
5422
12922
5423
12923
5424
12924
5425
12925
5426
12926
5427
12927
5428
12928
5429
12929
5430
12930
5431
12931
5432
12932
5433
12933
5434
12934
5435
12935
5436
12936
5437
12937
5438
12938
5439
12939
5440
12940
5441
12941
5442
12942
5443
12943
5444
12944
5445
12945
5446
12946
5447
12947
5448
12948
5449
12949
5450
12950
5451
12951
5452
12952
5453
12953
5454
12954
5455
12955
5456
12956
5457
12957
5458
12958
5459
12959
5460
12960
5461
12961
5462
12962
5463
12963
5464
12964
5465
12965
5466
12966
5467
12967
5468
12968
5469
12969
5470
12970
5471
12971
5472
12972
5473
12973
5474
12974
5475
12975
5476
12976
5477
12977
5478
12978
5479
12979
5480
12980
5481
12981
5482
12982
5483
12983
5484
12984
5485
12985
5486
12986
5487
12987
5488
12988
5489
12989
5490
12990
5491
12991
5492
12992
5493
12993
5494
12994
5495
12995
5496
12996
5497
12997
5498
12998
5499
12999
5500
13000
5501
13001
5502
13002
5503
13003
5504
13004
5505
13005
5506
13006
5507
13007
5508
13008
5509
13009
5510
13010
5511
13011
5512
13012
5513
13013
5514
13014
5515
13015
5516
13016
5517
13017
5518
13018
5519
13019
5520
13020
5521
13021
5522
13022
5523
13023
5524
13024
5525
13025
5526
13026
5527
13027
5528
13028
5529
13029
5530
13030
5531
13031
5532
13032
5533
13033
5534
13034
5535
13035
5536
13036
5537
13037
5538
13038
5539
13039
5540
13040
5541
13041
5542
13042
5543
13043
5544
13044
5545
13045
5546
13046
5547
13047
5548
13048
5549
13049
5550
13050
5551
13051
5552
13052
5553
13053
5554
13054
5555
13055
5556
13056
5557
13057
5558
13058
5559
13059
5560
13060
5561
13061
5562
13062
5563
13063
5564
13064
5565
13065
5566
13066
5567
13067
5568
13068
5569
13069
5570
13070
5571
13071
5572
13072
5573
13073
5574
13074
5575
13075
5576
13076
5577
13077
5578
13078
5579
13079
5580
13080
5581
13081
5582
13082
5583
13083
5584
13084
5585
13085
5586
13086
5587
13087
5588
13088
5589
13089
5590
13090
5591
13091
5592
13092
5593
13093
5594
13094
5595
13095
5596
13096
5597
13097
5598
13098
5599
13099
5600
13100
5601
13101
5602
13102
5603
13103
5604
13104
5605
13105
5606
13106
5607
13107
5608
13108
5609
13109
5610
13110
5611
13111
5612
13112
5613
13113
5614
13114
5615
13115
5616
13116
5617
13117
5618
13118
5619
13119
5620
13120
5621
13121
5622
13122
5623
13123
5624
13124
5625
13125
5626
13126
5627
13127
5628
13128
5629
13129
5630
13130
5631
13131
5632
13132
5633
13133
5634
13134
5635
13135
5636
13136
5637
13137
5638
13138
5639
13139
5640
13140
5641
13141
5642
13142
5643
13143
5644
13144
5645
13145
5646
13146
5647
13147
5648
13148
5649
13149
5650
13150
5651
13151
5652
13152
5653
13153
5654
13154
5655
13155
5656
13156
5657
13157
5658
13158
5659
13159
5660
13160
5661
13161
5662
13162
5663
13163
5664
13164
5665
13165
5666
13166
5667
13167
5668
13168
5669
13169
5670
13170
5671
13171
5672
13172
5673
13173
5674
13174
5675
13175
5676
13176
5677
13177
5678
13178
5679
13179
5680
13180
5681
13181
5682
13182
5683
13183
5684
13184
5685
13185
5686
13186
5687
13187
5688
13188
5689
13189
5690
13190
5691
13191
5692
13192
5693
13193
5694
13194
5695
13195
5696
13196
5697
13197
5698
13198
5699
13199
5700
13200
5701
13201
5702
13202
5703
13203
5704
13204
5705
13205
5706
13206
5707
13207
5708
13208
5709
13209
5710
13210
5711
13211
5712
13212
5713
13213
5714
13214
5715
13215
5716
13216
5717
13217
5718
13218
5719
13219
5720
13220
5721
13221
5722
13222
5723
13223
5724
13224
5725
13225
5726
13226
5727
13227
5728
13228
5729
13229
5730
13230
5731
13231
5732
13232
5733
13233
5734
13234
5735
13235
5736
13236
5737
13237
5738
13238
5739
13239
5740
13240
5741
13241
5742
13242
5743
13243
5744
13244
5745
13245
5746
13246
5747
13247
5748
13248
5749
13249
5750
13250
5751
13251
5752
13252
5753
13253
5754
13254
5755
13255
5756
13256
5757
13257
5758
13258
5759
13259
5760
13260
5761
13261
5762
13262
5763
13263
5764
13264
5765
13265
5766
13266
5767
13267
5768
13268
5769
13269
5770
13270
5771
13271
5772
13272
5773
13273
5774
13274
5775
13275
5776
13276
5777
13277
5778
13278
5779
13279
5780
13280
5781
13281
5782
13282
5783
13283
5784
13284
5785
13285
5786
13286
5787
13287
5788
13288
5789
13289
5790
13290
5791
13291
5792
13292
5793
13293
5794
13294
5795
13295
5796
13296
5797
13297
5798
13298
5799
13299
5800
13300
5801
13301
5802
13302
5803
13303
5804
13304
5805
13305
5806
13306
5807
13307
5808
13308
5809
13309
5810
13310
5811
13311
5812
13312
5813
13313
5814
13314
5815
13315
5816
13316
5817
13317
5818
13318
5819
13319
5820
13320
5821
13321
5822
13322
5823
13323
5824
13324
5825
13325
5826
13326
5827
13327
5828
13328
5829
13329
5830
13330
5831
13331
5832
13332
5833
13333
5834
13334
5835
13335
5836
13336
5837
13337
5838
13338
5839
13339
5840
13340
5841
13341
5842
13342
5843
13343
5844
13344
5845
13345
5846
13346
5847
13347
5848
13348
5849
13349
5850
13350
5851
13351
5852
13352
5853
13353
5854
13354
5855
13355
5856
13356
5857
13357
5858
13358
5859
13359
5860
13360
5861
13361
5862
13362
5863
13363
5864
13364
5865
13365
5866
13366
5867
13367
5868
13368
5869
13369
5870
13370
5871
13371
5872
13372
5873
13373
5874
13374
5875
13375
5876
13376
5877
13377
5878
13378
5879
13379
5880
13380
5881
13381
5882
13382
5883
13383
5884
13384
5885
13385
5886
13386
5887
13387
5888
13388
5889
13389
5890
13390
5891
13391
5892
13392
5893
13393
5894
13394
5895
13395
5896
13396
5897
13397
5898
13398
5899
13399
5900
13400
5901
13401
5902
13402
5903
13403
5904
13404
5905
13405
5906
13406
5907
13407
5908
13408
5909
13409
5910
13410
5911
13411
5912
13412
5913
13413
5914
13414
5915
13415
5916
13416
5917
13417
5918
13418
5919
13419
5920
13420
5921
13421
5922
13422
5923
13423
5924
13424
5925
13425
5926
13426
5927
13427
5928
13428
5929
13429
5930
13430
5931
13431
5932
13432
5933
13433
5934
13434
5935
13435
5936
13436
5937
13437
5938
13438
5939
13439
5940
13440
5941
13441
5942
13442
5943
13443
5944
13444
5945
13445
5946
13446
5947
13447
5948
13448
5949
13449
5950
13450
5951
13451
5952
13452
5953
13453
5954
13454
5955
13455
5956
13456
5957
13457
5958
13458
5959
13459
5960
13460
5961
13461
5962
13462
5963
13463
5964
13464
5965
13465
5966
13466
5967
13467
5968
13468
5969
13469
5970
13470
5971
13471
5972
13472
5973
13473
5974
13474
5975
13475
5976
13476
5977
13477
5978
13478
5979
13479
5980
13480
5981
13481
5982
13482
5983
13483
5984
13484
5985
13485
5986
13486
5987
13487
5988
13488
5989
13489
5990
13490
5991
13491
5992
13492
5993
13493
5994
13494
5995
13495
5996
13496
5997
13497
5998
13498
5999
13499
6000
13500
6001
13501
6002
13502
6003
13503
6004
13504
6005
13505
6006
13506
6007
13507
6008
13508
6009
13509
6010
13510
6011
13511
6012
13512
6013
13513
6014
13514
6015
13515
6016
13516
6017
13517
6018
13518
6019
13519
6020
13520
6021
13521
6022
13522
6023
13523
6024
13524
6025
13525
6026
13526
6027
13527
6028
13528
6029
13529
6030
13530
6031
13531
6032
13532
6033
13533
6034
13534
6035
13535
6036
13536
6037
13537
6038
13538
6039
13539
6040
13540
6041
13541
6042
13542
6043
13543
6044
13544
6045
13545
6046
13546
6047
13547
6048
13548
6049
13549
6050
13550
6051
13551
6052
13552
6053
13553
6054
13554
6055
13555
6056
13556
6057
13557
6058
13558
6059
13559
6060
13560
6061
13561
6062
13562
6063
13563
6064
13564
6065
13565
6066
13566
6067
13567
6068
13568
6069
13569
6070
13570
6071
13571
6072
13572
6073
13573
6074
13574
6075
13575
6076
13576
6077
13577
6078
13578
6079
13579
6080
13580
6081
13581
6082
13582
6083
13583
6084
13584
6085
13585
6086
13586
6087
13587
6088
13588
6089
13589
6090
13590
6091
13591
6092
13592
6093
13593
6094
13594
6095
13595
6096
13596
6097
13597
6098
13598
6099
13599
6100
13600
6101
13601
6102
13602
6103
13603
6104
13604
6105
13605
6106
13606
6107
13607
6108
13608
6109
13609
6110
13610
6111
13611
6112
13612
6113
13613
6114
13614
6115
13615
6116
13616
6117
13617
6118
13618
6119
13619
6120
13620
6121
13621
6122
13622
6123
13623
6124
13624
6125
13625
6126
13626
6127
13627
6128
13628
6129
13629
6130
13630
6131
13631
6132
13632
6133
13633
6134
13634
6135
13635
6136
13636
6137
13637
6138
13638
6139
13639
6140
13640
6141
13641
6142
13642
6143
13643
6144
13644
6145
13645
6146
13646
6147
13647
6148
13648
6149
13649
6150
13650
6151
13651
6152
13652
6153
13653
6154
13654
6155
13655
6156
13656
6157
13657
6158
13658
6159
13659
6160
13660
6161
13661
6162
13662
6163
13663
6164
13664
6165
13665
6166
13666
6167
13667
6168
13668
6169
13669
6170
13670
6171
13671
6172
13672
6173
13673
6174
13674
6175
13675
6176
13676
6177
13677
6178
13678
6179
13679
6180
13680
6181
13681
6182
13682
6183
13683
6184
13684
6185
13685
6186
13686
6187
13687
6188
13688
6189
13689
6190
13690
6191
13691
6192
13692
6193
13693
6194
13694
6195
13695
6196
13696
6197
13697
6198
13698
6199
13699
6200
13700
6201
13701
6202
13702
6203
13703
6204
13704
6205
13705
6206
13706
6207
13707
6208
13708
6209
13709
6210
13710
6211
13711
6212
13712
6213
13713
6214
13714
6215
13715
6216
13716
6217
13717
6218
13718
6219
13719
6220
13720
6221
13721
6222
13722
6223
13723
6224
13724
6225
13725
6226
13726
6227
13727
6228
13728
6229
13729
6230
13730
6231
13731
6232
13732
6233
13733
6234
13734
6235
13735
6236
13736
6237
13737
6238
13738
6239
13739
6240
13740
6241
13741
6242
13742
6243
13743
6244
13744
6245
13745
6246
13746
6247
13747
6248
13748
6249
13749
6250
13750
6251
13751
6252
13752
6253
13753
6254
13754
6255
13755
6256
13756
6257
13757
6258
13758
6259
13759
6260
13760
6261
13761
6262
13762
6263
13763
6264
13764
6265
13765
6266
13766
6267
13767
6268
13768
6269
13769
6270
13770
6271
13771
6272
13772
6273
13773
6274
13774
6275
13775
6276
13776
6277
13777
6278
13778
6279
13779
6280
13780
6281
13781
6282
13782
6283
13783
6284
13784
6285
13785
6286
13786
6287
13787
6288
13788
6289
13789
6290
13790
6291
13791
6292
13792
6293
13793
6294
13794
6295
13795
6296
13796
6297
13797
6298
13798
6299
13799
6300
13800
6301
13801
6302
13802
6303
13803
6304
13804
6305
13805
6306
13806
6307
13807
6308
13808
6309
13809
6310
13810
6311
13811
6312
13812
6313
13813
6314
13814
6315
13815
6316
13816
6317
13817
6318
13818
6319
13819
6320
13820
6321
13821
6322
13822
6323
13823
6324
13824
6325
13825
6326
13826
6327
13827
6328
13828
6329
13829
6330
13830
6331
13831
6332
13832
6333
13833
6334
13834
6335
13835
6336
13836
6337
13837
6338
13838
6339
13839
6340
13840
6341
13841
6342
13842
6343
13843
6344
13844
6345
13845
6346
13846
6347
13847
6348
13848
6349
13849
6350
13850
6351
13851
6352
13852
6353
13853
6354
13854
6355
13855
6356
13856
6357
13857
6358
13858
6359
13859
6360
13860
6361
13861
6362
13862
6363
13863
6364
13864
6365
13865
6366
13866
6367
13867
6368
13868
6369
13869
6370
13870
6371
13871
6372
13872
6373
13873
6374
13874
6375
13875
6376
13876
6377
13877
6378
13878
6379
13879
6380
13880
6381
13881
6382
13882
6383
13883
6384
13884
6385
13885
6386
13886
6387
13887
6388
13888
6389
13889
6390
13890
6391
13891
6392
13892
6393
13893
6394
13894
6395
13895
6396
13896
6397
13897
6398
13898
6399
13899
6400
13900
6401
13901
6402
13902
6403
13903
6404
13904
6405
13905
6406
13906
6407
13907
6408
13908
6409
13909
6410
13910
6411
13911
6412
13912
6413
13913
6414
13914
6415
13915
6416
13916
6417
13917
6418
13918
6419
13919
6420
13920
6421
13921
6422
13922
6423
13923
6424
13924
6425
13925
6426
13926
6427
13927
6428
13928
6429
13929
6430
13930
6431
13931
6432
13932
6433
13933
6434
13934
6435
13935
6436
13936
6437
13937
6438
13938
6439
13939
6440
13940
6441
13941
6442
13942
6443
13943
6444
13944
6445
13945
6446
13946
6447
13947
6448
13948
6449
13949
6450
13950
6451
13951
6452
13952
6453
13953
6454
13954
6455
13955
6456
13956
6457
13957
6458
13958
6459
13959
6460
13960
6461
13961
6462
13962
6463
13963
6464
13964
6465
13965
6466
13966
6467
13967
6468
13968
6469
13969
6470
13970
6471
13971
6472
13972
6473
13973
6474
13974
6475
13975
6476
13976
6477
13977
6478
13978
6479
13979
6480
13980
6481
13981
6482
13982
6483
13983
6484
13984
6485
13985
6486
13986
6487
13987
6488
13988
6489
13989
6490
13990
6491
13991
6492
13992
6493
13993
6494
13994
6495
13995
6496
13996
6497
13997
6498
13998
6499
13999
6500
14000
6501
14001
6502
14002
6503
14003
6504
14004
6505
14005
6506
14006
6507
14007
6508
14008
6509
14009
6510
14010
6511
14011
6512
14012
6513
14013
6514
14014
6515
14015
6516
14016
6517
14017
6518
14018
6519
14019
6520
14020
6521
14021
6522
14022
6523
14023
6524
14024
6525
14025
6526
14026
6527
14027
6528
14028
6529
14029
6530
14030
6531
14031
6532
14032
6533
14033
6534
14034
6535
14035
6536
14036
6537
14037
6538
14038
6539
14039
6540
14040
6541
14041
6542
14042
6543
14043
6544
14044
6545
14045
6546
14046
6547
14047
6548
14048
6549
14049
6550
14050
6551
14051
6552
14052
6553
14053
6554
14054
6555
14055
6556
14056
6557
14057
6558
14058
6559
14059
6560
14060
6561
14061
6562
14062
6563
14063
6564
14064
6565
14065
6566
14066
6567
14067
6568
14068
6569
14069
6570
14070
6571
14071
6572
14072
6573
14073
6574
14074
6575
14075
6576
14076
6577
14077
6578
14078
6579
14079
6580
14080
6581
14081
6582
14082
6583
14083
6584
14084
6585
14085
6586
14086
6587
14087
6588
14088
6589
14089
6590
14090
6591
14091
6592
14092
6593
14093
6594
14094
6595
14095
6596
14096
6597
14097
6598
14098
6599
14099
6600
14100
6601
14101
6602
14102
6603
14103
6604
14104
6605
14105
6606
14106
6607
14107
6608
14108
6609
14109
6610
14110
6611
14111
6612
14112
6613
14113
6614
14114
6615
14115
6616
14116
6617
14117
6618
14118
6619
14119
6620
14120
6621
14121
6622
14122
6623
14123
6624
14124
6625
14125
6626
14126
6627
14127
6628
14128
6629
14129
6630
14130
6631
14131
6632
14132
6633
14133
6634
14134
6635
14135
6636
14136
6637
14137
6638
14138
6639
14139
6640
14140
6641
14141
6642
14142
6643
14143
6644
14144
6645
14145
6646
14146
6647
14147
6648
14148
6649
14149
6650
14150
6651
14151
6652
14152
6653
14153
6654
14154
6655
14155
6656
14156
6657
14157
6658
14158
6659
14159
6660
14160
6661
14161
6662
14162
6663
14163
6664
14164
6665
14165
6666
14166
6667
14167
6668
14168
6669
14169
6670
14170
6671
14171
6672
14172
6673
14173
6674
14174
6675
14175
6676
14176
6677
14177
6678
14178
6679
14179
6680
14180
6681
14181
6682
14182
6683
14183
6684
14184
6685
14185
6686
14186
6687
14187
6688
14188
6689
14189
6690
14190
6691
14191
6692
14192
6693
14193
6694
14194
6695
14195
6696
14196
6697
14197
6698
14198
6699
14199
6700
14200
6701
14201
6702
14202
6703
14203
6704
14204
6705
14205
6706
14206
6707
14207
6708
14208
6709
14209
6710
14210
6711
14211
6712
14212
6713
14213
6714
14214
6715
14215
6716
14216
6717
14217
6718
14218
6719
14219
6720
14220
6721
14221
6722
14222
6723
14223
6724
14224
6725
14225
6726
14226
6727
14227
6728
14228
6729
14229
6730
14230
6731
14231
6732
14232
6733
14233
6734
14234
6735
14235
6736
14236
6737
14237
6738
14238
6739
14239
6740
14240
6741
14241
6742
14242
6743
14243
6744
14244
6745
14245
6746
14246
6747
14247
6748
14248
6749
14249
6750
14250
6751
14251
6752
14252
6753
14253
6754
14254
6755
14255
6756
14256
6757
14257
6758
14258
6759
14259
6760
14260
6761
14261
6762
14262
6763
14263
6764
14264
6765
14265
6766
14266
6767
14267
6768
14268
6769
14269
6770
14270
6771
14271
6772
14272
6773
14273
6774
14274
6775
14275
6776
14276
6777
14277
6778
14278
6779
14279
6780
14280
6781
14281
6782
14282
6783
14283
6784
14284
6785
14285
6786
14286
6787
14287
6788
14288
6789
14289
6790
14290
6791
14291
6792
14292
6793
14293
6794
14294
6795
14295
6796
14296
6797
14297
6798
14298
6799
14299
6800
14300
6801
14301
6802
14302
6803
14303
6804
14304
6805
14305
6806
14306
6807
14307
6808
14308
6809
14309
6810
14310
6811
14311
6812
14312
6813
14313
6814
14314
6815
14315
6816
14316
6817
14317
6818
14318
6819
14319
6820
14320
6821
14321
6822
14322
6823
14323
6824
14324
6825
14325
6826
14326
6827
14327
6828
14328
6829
14329
6830
14330
6831
14331
6832
14332
6833
14333
6834
14334
6835
14335
6836
14336
6837
14337
6838
14338
6839
14339
6840
14340
6841
14341
6842
14342
6843
14343
6844
14344
6845
14345
6846
14346
6847
14347
6848
14348
6849
14349
6850
14350
6851
14351
6852
14352
6853
14353
6854
14354
6855
14355
6856
14356
6857
14357
6858
14358
6859
14359
6860
14360
6861
14361
6862
14362
6863
14363
6864
14364
6865
14365
6866
14366
6867
14367
6868
14368
6869
14369
6870
14370
6871
14371
6872
14372
6873
14373
6874
14374
6875
14375
6876
14376
6877
14377
6878
14378
6879
14379
6880
14380
6881
14381
6882
14382
6883
14383
6884
14384
6885
14385
6886
14386
6887
14387
6888
14388
6889
14389
6890
14390
6891
14391
6892
14392
6893
14393
6894
14394
6895
14395
6896
14396
6897
14397
6898
14398
6899
14399
6900
14400
6901
14401
6902
14402
6903
14403
6904
14404
6905
14405
6906
14406
6907
14407
6908
14408
6909
14409
6910
14410
6911
14411
6912
14412
6913
14413
6914
14414
6915
14415
6916
14416
6917
14417
6918
14418
6919
14419
6920
14420
6921
14421
6922
14422
6923
14423
6924
14424
6925
14425
6926
14426
6927
14427
6928
14428
6929
14429
6930
14430
6931
14431
6932
14432
6933
14433
6934
14434
6935
14435
6936
14436
6937
14437
6938
14438
6939
14439
6940
14440
6941
14441
6942
14442
6943
14443
6944
14444
6945
14445
6946
14446
6947
14447
6948
14448
6949
14449
6950
14450
6951
14451
6952
14452
6953
14453
6954
14454
6955
14455
6956
14456
6957
14457
6958
14458
6959
14459
6960
14460
6961
14461
6962
14462
6963
14463
6964
14464
6965
14465
6966
14466
6967
14467
6968
14468
6969
14469
6970
14470
6971
14471
6972
14472
6973
14473
6974
14474
6975
14475
6976
14476
6977
14477
6978
14478
6979
14479
6980
14480
6981
14481
6982
14482
6983
14483
6984
14484
6985
14485
6986
14486
6987
14487
6988
14488
6989
14489
6990
14490
6991
14491
6992
14492
6993
14493
6994
14494
6995
14495
6996
14496
6997
14497
6998
14498
6999
14499
7000
14500
7001
14501
7002
14502
7003
14503
7004
14504
7005
14505
7006
14506
7007
14507
7008
14508
7009
14509
7010
14510
7011
14511
7012
14512
7013
14513
7014
14514
7015
14515
7016
14516
7017
14517
7018
14518
7019
14519
7020
14520
7021
14521
7022
14522
7023
14523
7024
14524
7025
14525
7026
14526
7027
14527
7028
14528
7029
14529
7030
14530
7031
14531
7032
14532
7033
14533
7034
14534
7035
14535
7036
14536
7037
14537
7038
14538
7039
14539
7040
14540
7041
14541
7042
14542
7043
14543
7044
14544
7045
14545
7046
14546
7047
14547
7048
14548
7049
14549
7050
14550
7051
14551
7052
14552
7053
14553
7054
14554
7055
14555
7056
14556
7057
14557
7058
14558
7059
14559
7060
14560
7061
14561
7062
14562
7063
14563
7064
14564
7065
14565
7066
14566
7067
14567
7068
14568
7069
14569
7070
14570
7071
14571
7072
14572
7073
14573
7074
14574
7075
14575
7076
14576
7077
14577
7078
14578
7079
14579
7080
14580
7081
14581
7082
14582
7083
14583
7084
14584
7085
14585
7086
14586
7087
14587
7088
14588
7089
14589
7090
14590
7091
14591
7092
14592
7093
14593
7094
14594
7095
14595
7096
14596
7097
14597
7098
14598
7099
14599
7100
14600
7101
14601
7102
14602
7103
14603
7104
14604
7105
14605
7106
14606
7107
14607
7108
14608
7109
14609
7110
14610
7111
14611
7112
14612
7113
14613
7114
14614
7115
14615
7116
14616
7117
14617
7118
14618
7119
14619
7120
14620
7121
14621
7122
14622
7123
14623
7124
14624
7125
14625
7126
14626
7127
14627
7128
14628
7129
14629
7130
14630
7131
14631
7132
14632
7133
14633
7134
14634
7135
14635
7136
14636
7137
14637
7138
14638
7139
14639
7140
14640
7141
14641
7142
14642
7143
14643
7144
14644
7145
14645
7146
14646
7147
14647
7148
14648
7149
14649
7150
14650
7151
14651
7152
14652
7153
14653
7154
14654
7155
14655
7156
14656
7157
14657
7158
14658
7159
14659
7160
14660
7161
14661
7162
14662
7163
14663
7164
14664
7165
14665
7166
14666
7167
14667
7168
14668
7169
14669
7170
14670
7171
14671
7172
14672
7173
14673
7174
14674
7175
14675
7176
14676
7177
14677
7178
14678
7179
14679
7180
14680
7181
14681
7182
14682
7183
14683
7184
14684
7185
14685
7186
14686
7187
14687
7188
14688
7189
14689
7190
14690
7191
14691
7192
14692
7193
14693
7194
14694
7195
14695
7196
14696
7197
14697
7198
14698
7199
14699
7200
14700
7201
14701
7202
14702
7203
14703
7204
14704
7205
14705
7206
14706
7207
14707
7208
14708
7209
14709
7210
14710
7211
14711
7212
14712
7213
14713
7214
14714
7215
14715
7216
14716
7217
14717
7218
14718
7219
14719
7220
14720
7221
14721
7222
14722
7223
14723
7224
14724
7225
14725
7226
14726
7227
14727
7228
14728
7229
14729
7230
14730
7231
14731
7232
14732
7233
14733
7234
14734
7235
14735
7236
14736
7237
14737
7238
14738
7239
14739
7240
14740
7241
14741
7242
14742
7243
14743
7244
14744
7245
14745
7246
14746
7247
14747
7248
14748
7249
14749
7250
14750
7251
14751
7252
14752
7253
14753
7254
14754
7255
14755
7256
14756
7257
14757
7258
14758
7259
14759
7260
14760
7261
14761
7262
14762
7263
14763
7264
14764
7265
14765
7266
14766
7267
14767
7268
14768
7269
14769
7270
14770
7271
14771
7272
14772
7273
14773
7274
14774
7275
14775
7276
14776
7277
14777
7278
14778
7279
14779
7280
14780
7281
14781
7282
14782
7283
14783
7284
14784
7285
14785
7286
14786
7287
14787
7288
14788
7289
14789
7290
14790
7291
14791
7292
14792
7293
14793
7294
14794
7295
14795
7296
14796
7297
14797
7298
14798
7299
14799
7300
14800
7301
14801
7302
14802
7303
14803
7304
14804
7305
14805
7306
14806
7307
14807
7308
14808
7309
14809
7310
14810
7311
14811
7312
14812
7313
14813
7314
14814
7315
14815
7316
14816
7317
14817
7318
14818
7319
14819
7320
14820
7321
14821
7322
14822
7323
14823
7324
14824
7325
14825
7326
14826
7327
14827
7328
14828
7329
14829
7330
14830
7331
14831
7332
14832
7333
14833
7334
14834
7335
14835
7336
14836
7337
14837
7338
14838
7339
14839
7340
14840
7341
14841
7342
14842
7343
14843
7344
14844
7345
14845
7346
14846
7347
14847
7348
14848
7349
14849
7350
14850
7351
14851
7352
14852
7353
14853
7354
14854
7355
14855
7356
14856
7357
14857
7358
14858
7359
14859
7360
14860
7361
14861
7362
14862
7363
14863
7364
14864
7365
14865
7366
14866
7367
14867
7368
14868
7369
14869
7370
14870
7371
14871
7372
14872
7373
14873
7374
14874
7375
14875
7376
14876
7377
14877
7378
14878
7379
14879
7380
14880
7381
14881
7382
14882
7383
14883
7384
14884
7385
14885
7386
14886
7387
14887
7388
14888
7389
14889
7390
14890
7391
14891
7392
14892
7393
14893
7394
14894
7395
14895
7396
14896
7397
14897
7398
14898
7399
14899
7400
14900
7401
14901
7402
14902
7403
14903
7404
14904
7405
14905
7406
14906
7407
14907
7408
14908
7409
14909
7410
14910
7411
14911
7412
14912
7413
14913
7414
14914
7415
14915
7416
14916
7417
14917
7418
14918
7419
14919
7420
14920
7421
14921
7422
14922
7423
14923
7424
14924
7425
14925
7426
14926
7427
14927
7428
14928
7429
14929
7430
14930
7431
14931
7432
14932
7433
14933
7434
14934
7435
14935
7436
14936
7437
14937
7438
14938
7439
14939
7440
14940
7441
14941
7442
14942
7443
14943
7444
14944
7445
14945
7446
14946
7447
14947
7448
14948
7449
14949
7450
14950
7451
14951
7452
14952
7453
14953
7454
14954
7455
14955
7456
14956
7457
14957
7458
14958
7459
14959
7460
14960
7461
14961
7462
14962
7463
14963
7464
14964
7465
14965
7466
14966
7467
14967
7468
14968
7469
14969
7470
14970
7471
14971
7472
14972
7473
14973
7474
14974
7475
14975
7476
14976
7477
14977
7478
14978
7479
14979
7480
14980
7481
14981
7482
14982
7483
14983
7484
14984
7485
14985
7486
14986
7487
14987
7488
14988
7489
14989
7490
14990
7491
14991
7492
14992
7493
14993
7494
14994
7495
14995
7496
14996
7497
14997
7498
14998
7499
14999