sortedness sorted_array reverse
        MergeSort QuickSort 0.0484023 9.98723 0 0 10.5217 0.0534379 9.98944 0 0 10.5251 0.0578631 9.99511 0 0 10.5229 0.053499 9.98801 0 0 10.5199 0.0574664 9.98659 0 0 10.5237 0.0613728 9.99081 0 0 10.5218 0.000640869 9.9942 0.693147 0 10.517 0.07181 9.9909 0 0 10.5224 0.076632 9.98571 0.693147 0 10.5235 0.0755943 9.98925 0 0 10.5313 0.0782495 9.98879 0 0 10.5195 0.0868862 9.98829 0 0 10.5306 0.0892056 9.98769 0.693147 0 10.5278 0.0897855 9.98419 0 0 10.5289 0.0986663 9.98498 0 0 10.5267 0.0983306 9.98962 0 0 10.5278 0.106815 9.9864 0.693147 0 10.5288 0.105869 9.93266 4.04305 4.7362 10.5274 0.11475 9.90174 4.7362 5.28827 10.507 0.125095 9.89737 4.79579 5.2933 10.5069 0.125278 9.87179 5.03695 5.64545 10.505 0.136296 9.88441 4.86753 5.42935 10.5115 0.137425 9.85319 4.81218 5.41165 10.5307 0.148167 9.8649 4.99721 5.60947 10.5076 0.150975 9.82049 5.1985 5.77144 10.507 0.159825 9.70394 5.83773 6.42649 10.4654 0.170446 9.73133 5.72359 6.29157 10.4848 0.176672 9.66199 5.96358 6.53669 10.4426 0.186682 9.67029 5.84644 6.50129 10.4836 1 0 0.693147 0 0 0.200323 9.63365 5.9162 6.52796 10.4703 0.216132 9.61947 6.07304 6.6053 10.4387 0.223273 9.59587 6.05912 6.57228 10.4221 0.230842 9.55294 6.17587 6.68586 10.3714 0.242927 9.53329 6.15486 6.68211 10.3793 0.256172 9.51768 6.22456 6.74759 10.3934 0.272164 9.48646 6.27852 6.84055 10.3908 0.282845 9.46607 6.32794 6.89669 10.4038 0.294107 9.45391 6.25383 6.82111 10.3747 0.307932 9.42577 6.28786 6.80017 10.3299 0.323679 9.38681 6.38856 6.90575 10.3425 0.341441 9.36074 6.47851 6.9594 10.2744 0.356853 9.33882 6.43615 6.92264 10.2638 0.372356 9.30483 6.43615 6.89972 10.2452 0.390088 9.26331 6.4677 6.90375 10.1765 0.409864 9.24009 6.45834 6.86066 10.1292 0.431074 9.17854 6.45363 6.79459 10.0571 0.449568 9.14548 6.55108 6.88653 10.0355 0.471603 9.10476 6.54679 6.88959 9.9968 0.494705 9.05345 6.48158 6.78897 9.93169 0.515854 9.01591 6.5903 6.92067 9.94102 0.540696 8.95364 6.59304 6.90575 9.87601 0.56917 8.89987 6.58755 6.90073 9.83916 0.598407 8.82512 6.50429 6.81783 9.76795 0.623005 8.78309 6.55962 6.94505 9.82742 0.658101 8.66251 6.40853 6.72022 9.6362 0.688192 8.5884 6.51471 6.82002 9.63907 0.720084 8.50167 6.49527 6.8222 9.59839 0.75277 8.38069 6.52503 6.82546 9.53076 0.791192 8.26719 6.68835 7.0184 9.63926 0.830226 8.1834 6.81674 7.28688 9.97301 0.868374 8.10712 6.87213 7.48268 10.2655 0.91052 8.01169 6.75926 7.56216 10.4589 0.9541 7.65823 6.76041 7.49332 10.2745 -
    1 0.693147 0 0 0 - 0.954222 8.23191 3.49651 7.82365 9.37203 -
    0.90997 8.641 3.98898 7.82445 9.99228 -
    0.8699 8.85023 4.06044 7.61628 10.2488 -
    0.828303 9.03979 4.43082 7.40428 10.3369 -
    0.791162 9.13205 4.51086 7.20638 10.3884 -
    0.756005 9.22345 4.33073 7.03086 10.4408 -
    0.720023 9.29358 4.35671 6.90274 10.4397 -
    0.688131 9.3745 4.11087 6.75227 10.4515 -
    0.656941 9.43692 4.15888 6.67077 10.4532 -
    0.626331 9.47317 4.17439 6.5582 10.4357 -
    0.598346 9.51274 3.97029 6.47389 10.4512 -
    0.570696 9.52501 3.8712 6.33505 10.4716 -
    0.540971 9.56941 3.68888 6.37502 10.4614 -
    0.515213 9.58197 3.80666 6.24222 10.4617 -
    0.497574 9.6122 3.49651 6.18621 10.4632 -
    0.469283 9.63835 3.46574 6.1717 10.477 -
    0.452803 9.65605 3.68888 6.04025 10.4758 -
    0.430006 9.6725 3.17805 6.07535 10.4751 -
    0.411023 9.70137 3.17805 5.78996 10.482 -
    0.393048 9.7168 3.13549 5.84354 10.4726 -
    0.373913 9.7195 2.89037 5.79301 10.4724 -
    0.354411 9.7198 2.99573 5.86647 10.4924 -
    0.339274 9.74911 2.94444 5.69709 10.4845 -
    0.324076 9.7675 3.09104 5.54126 10.4944 -
    0.308023 9.78538 2.83321 5.43372 10.5013 -
    0.296823 9.78392 2.94444 5.6204 10.4993 -
    0.2837 9.78335 2.94444 5.57215 10.4776 -
    0.273659 9.8019 2.48491 5.36129 10.4978 -
    0.256355 9.80687 2.19722 5.34711 10.4947 -
    0.240944 9.80604 3.17805 5.6204 10.4896 -
    0.235389 9.83483 2.56495 4.97673 10.5113 -
    0.224403 9.82244 2.94444 5.40717 10.4961 -
    0.212287 9.84017 2.3979 5.09375 10.4957 -
    0.204352 9.86848 2.63906 4.98361 10.5061 -
    0.197699 9.85969 2.56495 5.14166 10.4991 -
    0.187017 9.87463 2.3979 4.56435 10.5116 -
    0.180792 9.87421 2.70805 4.96284 10.4939 -
    0.170629 9.90334 2.30259 4.65396 10.507 -
    0.166906 9.89258 2.07944 5.03695 10.4916 -
    0.151921 9.92784 2.07944 4.15888 10.502 -
    0.150304 9.91793 2.56495 4.7362 10.5047 -
    0.139897 9.92725 1.60944 4.38203 10.5069 -
    0.134831 9.94401 1.79176 3.97029 10.5049 - 0.130375 9.97901 0 0 10.5094 -
    0.122776 9.98068 0 0 10.5126 - 0.113407 9.97562 0 0 10.5112 -
    0.115268 9.98295 0 0 10.5172 - 0.10773 9.97785 0 0 10.5157 -
    0.104282 9.98179 0 0 10.5139 - 0.0936308 9.9829 0 0 10.512 -
    0.0934477 9.98498 0 0 10.5113 - 0.0910978 9.98147 0 0 10.5153 -
    0.080813 9.98142 0.693147 0 10.5147 - 0.0813318 9.98815 0.693147 0 10.5171 -
    0.0788293 9.98438 0 0 10.514 - 0.0730308 9.98511 0 0 10.5159 -
    0.0687887 9.98262 0 0 10.5183 - 0.0671712 9.98691 0 0 10.5175 -
    0.0617085 9.98957 0 0 10.5136 - 0.0606098 9.98493 0 0 10.5146 -
    0.0580157 9.98401 0 0 10.5136 - 0.0552995 9.98774 0 0 10.5102 -
    0.0536515 9.99141 0 0 10.5134 - 0.0474563 9.98456 0 0 10.5129
