6501
-6500.92
-6500.9
-6500.49
-6500.48
-6499.8
-6498.24
-6497.83
-6497.42
-6493.26
-6489.94
-6489.57
-6487.72
-6484.08
-6483.39
-6480.72
-6480.54
-6480.48
-6479.45
-6479.36
-6475.36
-6475.16
-6474.54
-6470.62
-6468.84
-6465.37
-6462
-6459.14
-6459.02
-6451.35
-6450.82
-6450.14
-6447.76
-6446.36
-6445.69
-6443.81
-6440.39
-6438.88
-6438.39
-6435.61
-6433.63
-6429.63
-6428.34
-6427.61
-6427.43
-6421.96
-6420.72
-6418.55
-6415.75
-6415.05
-6411.4
-6410.53
-6410.5
-6409.88
-6407.62
-6406.73
-6405.6
-6404.68
-6401.47
-6400.91
-6400.36
-6398.21
-6395.3
-6387.32
-6384.5
-6379.46
-6376.64
-6376.08
-6374.7
-6373.47
-6369.94
-6368.87
-6367.5
-6357.83
-6356.12
-6355.55
-6354.03
-6353.87
-6351.64
-6351.08
-6350.45
-6350.17
-6348.24
-6344.84
-6342.2
-6340.25
-6338.98
-6337.2
-6335.9
-6330.12
-6329.2
-6325.72
-6312.87
-6312.56
-6309.67
-6306.61
-6299.48
-6295.21
-6295.08
-6294.69
-6292
-6286.54
-6284.38
-6283.3
-6280.31
-6277
-6273.49
-6273.24
-6272.56
-6269.76
-6267.69
-6263.7
-6261.78
-6259.74
-6256.4
-6255.44
-6255.05
-6254.38
-6253.75
-6252.76
-6252.39
-6245.82
-6242.91
-6242.19
-6235.72
-6235
-6234.44
-6234.16
-6219.43
-6219.13
-6218
-6213.87
-6212.76
-6211.69
-6209.69
-6208.95
-6207.75
-6207.72
-6206.16
-6205.5
-6204.56
-6195.79
-6193.68
-6190.76
-6188.2
-6186.78
-6185.15
-6184.5
-6184.19
-6182.25
-6178.94
-6177.19
-6176.05
-6175.48
-6164.7
-6164.11
-6163.3
-6162.94
-6158.86
-6158.53
-6158.34
-6152.49
-6152.1
-6151.55
-6150.26
-6139.54
-6138.96
-6135.35
-6134.32
-6132.07
-6123.27
-6123.24
-6122.29
-6120.88
-6119.32
-6115.68
-6112.95
-6110.42
-6107.12
-6106.01
-6104.38
-6100.72
-6097.69
-6097.59
-6095.5
-6094.62
-6092.69
-6089.63
-6089.4
-6089.36
-6088.67
-6087.04
-6082.23
-6081.43
-6081.22
-6080.53
-6080.31
-6077.77
-6072.83
-6072.49
-6072.4
-6071.89
-6071.57
-6071.23
-6070.93
-6062.38
-6057.63
-6055.77
-6054.27
-6054.02
-6051.49
-6050.23
-6046.81
-6046.31
-6046.23
-6045.94
-6045.82
-6045.66
-6045.16
-6045.03
-6044.73
-6038.29
-6028.24
-6028.15
-6024.28
-6021.15
-6015.39
-6015.26
-6013.53
-6011.05
-6010.64
-6007.48
-6005.62
-6002.42
-6001.48
-5998.35
-5997.97
-5996.4
-5996.14
-5990.31
-5989.76
-5985.3
-5984.18
-5974.77
-5966.95
-5965.25
-5963.93
-5963.7
-5962.45
-5960.07
-5956.48
-5956.41
-5955.5
-5954.1
-5952.12
-5950.13
-5947.28
-5944.78
-5939.86
-5936.62
-5935.84
-5935.53
-5934.99
-5934.9
-5931.29
-5926.72
-5924.04
-5923.72
-5923.42
-5922.71
-5920.3
-5917.28
-5916.28
-5914.18
-5911.8
-5911.48
-5909.14
-5905.93
-5898.96
-5895.09
-5893.51
-5890.73
-5889.48
-5889.33
-5889.11
-5887.49
-5886.63
-5883.87
-5883.8
-5883.51
-5883.4
-5881.6
-5879.27
-5874.28
-5873.46
-5873.23
-5870.76
-5867.84
-5862.02
-5860.6
-5858.08
-5850.95
-5850.34
-5849.81
-5849.62
-5845.79
-5844.64
-5844.5
-5843.06
-5835.6
-5829.91
-5829.88
-5829.35
-5827.33
-5826.54
-5825.73
-5821.16
-5816.46
-5814.01
-5812.98
-5811.22
-5805.89
-5804.39
-5802.87
-5802.44
-5802.12
-5795.03
-5794.36
-5793.19
-5788.36
-5788.27
-5786.93
-5785.82
-5782.27
-5779.81
-5779.08
-5778.01
-5774.93
-5772.63
-5771.84
-5771.14
-5767.16
-5760.45
-5759.67
-5759.27
-5758.62
-5758.07
-5754.01
-5753.71
-5750.7
-5750.5
-5750.49
-5743.23
-5742.73
-5742.17
-5739.76
-5739.11
-5738.14
-5733.74
-5733.29
-5731.5
-5731.32
-5730.81
-5729.37
-5727.28
-5725.37
-5721.4
-5721.09
-5719.03
-5717.74
-5717.47
-5715.3
-5714.2
-5713.54
-5712.33
-5708.5
-5706.06
-5704.75
-5699.33
-5698.79
-5698.37
-5698.16
-5695.68
-5694.97
-5694.47
-5692.04
-5691
-5690.4
-5690.19
-5688.31
-5685.62
-5683.51
-5683.36
-5682.96
-5681.07
-5680.99
-5678.03
-5675.02
-5674.41
-5671.43
-5666.85
-5661.94
-5661.26
-5660.65
-5658.27
-5657.8
-5657.53
-5653.35
-5652.91
-5651.24
-5649.46
-5641.91
-5640.82
-5639.09
-5637.52
-5636.81
-5631.92
-5631.82
-5629.4
-5625.03
-5621.83
-5617.71
-5613.44
-5612.78
-5610.53
-5604.71
-5602.8
-5599.1
-5595.22
-5594.05
-5594
-5593.78
-5587.67
-5586.5
-5583.18
-5582.61
-5581.56
-5578.51
-5577.13
-5577.03
-5576.76
-5571.73
-5569.68
-5569.58
-5569.19
-5568.73
-5567.98
-5567.77
-5565.1
-5562.44
-5557.08
-5556.6
-5556.36
-5555.94
-5553.74
-5553.56
-5551.35
-5549.47
-5548.96
-5545.21
-5542.59
-5542.11
-5541.75
-5541.32
-5540.8
-5536.35
-5533.61
-5520
-5519.72
-5518.97
-5515.78
-5512.84
-5502.16
-5500.69
-5496.53
-5495.63
-5493.52
-5492.86
-5492.25
-5491.52
-5486.67
-5484.06
-5483.42
-5481.92
-5475.31
-5474.61
-5473.44
-5472.65
-5468.3
-5466.46
-5463.93
-5461.92
-5459.64
-5457.34
-5456.65
-5456.25
-5456.15
-5453.27
-5452.32
-5447.77
-5447.05
-5443.59
-5442.45
-5440.11
-5438.25
-5430.3
-5430.3
-5429.7
-5428.25
-5427.07
-5422.99
-5420.72
-5420.44
-5417.02
-5415.15
-5414.73
-5411.29
-5406.01
-5405.72
-5404.74
-5401.15
-5400.24
-5400.2
-5399.39
-5398.78
-5395.87
-5392.55
-5391.51
-5388.17
-5386.06
-5383.96
-5382.44
-5382.25
-5377.34
-5374.95
-5372.46
-5372.26
-5369.69
-5369.56
-5369.52
-5365.04
-5364.59
-5363.84
-5362.66
-5359.64
-5357.87
-5355.8
-5352.5
-5348.04
-5346.33
-5344.41
-5343.92
-5340.69
-5340.09
-5339.39
-5332.73
-5323.13
-5321.34
-5321.29
-5321.13
-5319.64
-5318.36
-5317.94
-5313.23
-5310.88
-5308.13
-5307.41
-5306.95
-5306.89
-5305.27
-5303.55
-5303.07
-5302.56
-5301.85
-5297.04
-5295.28
-5294.79
-5293.79
-5287.63
-5286.59
-5283.44
-5278.81
-5277.92
-5276.19
-5274.88
-5273.95
-5272.53
-5271.68
-5264.62
-5262.95
-5259.47
-5255.51
-5253.12
-5253.04
-5252.71
-5247.66
-5247.24
-5246.31
-5245.81
-5244.55
-5242.34
-5241.97
-5241.55
-5241.41
-5240.36
-5238.03
-5237.92
-5237.68
-5235.12
-5234.18
-5233.55
-5233.44
-5233.23
-5232.7
-5231.4
-5219.78
-5215.66
-5211.53
-5209.48
-5207.25
-5206.65
-5202.55
-5202.17
-5201.82
-5198.97
-5195.45
-5195.18
-5194.14
-5193.84
-5191.71
-5190.28
-5189.49
-5189.33
-5188.36
-5181.8
-5179.51
-5178.98
-5171.68
-5171.45
-5169.5
-5168.71
-5166.3
-5164.32
-5160.91
-5158.49
-5157.74
-5156.15
-5156.01
-5152.46
-5152.03
-5151.43
-5149.15
-5147.52
-5146.1
-5143.49
-5142.06
-5142.05
-5141.26
-5139.95
-5138.49
-5136.19
-5133.39
-5131.74
-5128.48
-5126.51
-5126.35
-5122.23
-5121.63
-5118.83
-5117.1
-5109.65
-5108.79
-5107.44
-5105.7
-5101.33
-5100.18
-5096.83
-5096.15
-5093.51
-5093.3
-5087.76
-5085.02
-5083.28
-5082.7
-5081.88
-5081.35
-5077.19
-5077
-5076.08
-5074.42
-5074.28
-5071.81
-5071.73
-5070.62
-5070.54
-5070.53
-5069.12
-5069.06
-5068.84
-5068.79
-5068.72
-5067.11
-5066.33
-5065.05
-5062.73
-5061.7
-5061.25
-5060.9
-5060.87
-5060.29
-5057.84
-5057.78
-5055.51
-5054.55
-5045.18
-5041.78
-5040.19
-5039.45
-5036.63
-5030.86
-5025.82
-5024.7
-5023.13
-5022.99
-5022.71
-5021.25
-5019.77
-5019.12
-5017.38
-5012.6
-5011.89
-5002.73
-4999.42
-4998.39
-4997.88
-4996.05
-4993.45
-4989.13
-4987.02
-4985.34
-4977.64
-4976.67
-4974.08
-4973.6
-4965.54
-4963.51
-4962.18
-4961.6
-4954.74
-4949.28
-4946.6
-4945.75
-4940.8
-4938.46
-4937.96
-4935.84
-4934.91
-4934
-4931.78
-4931.5
-4927.71
-4918.92
-4918.14
-4911.89
-4908.17
-4906.8
-4904.32
-4902.41
-4900.85
-4900.31
-4898.83
-4895.98
-4893.47
-4892.35
-4890.72
-4889.73
-4888.28
-4885.06
-4883.67
-4883.28
-4882.57
-4882.26
-4881.54
-4880.76
-4879.9
-4878
-4876.56
-4876.47
-4875.73
-4875.25
-4873.36
-4872.18
-4871
-4863.76
-4863.62
-4863.45
-4862.35
-4862.35
-4862.31
-4862.26
-4859.4
-4856.82
-4853.67
-4853.49
-4848.9
-4848.61
-4847.66
-4846.66
-4844.66
-4842.61
-4839.63
-4837.66
-4836.26
-4835.03
-4830.99
-4830.62
-4828.33
-4823.18
-4817.48
-4815.82
-4813.96
-4812.88
-4810.52
-4810.28
-4809.45
-4808.43
-4805.18
-4802.43
-4797.44
-4795.29
-4794.29
-4790.95
-4790.75
-4785.43
-4782.93
-4780.66
-4775
-4774.14
-4772.01
-4770.06
-4769.34
-4767.92
-4766.47
-4764.5
-4759.44
-4758.22
-4757.68
-4757.55
-4757.26
-4754.38
-4752.82
-4751.38
-4748.84
-4745.91
-4744.31
-4741.41
-4741.19
-4737.53
-4734.69
-4732.71
-4732
-4729.72
-4727.07
-4726.81
-4726.32
-4723.61
-4722.04
-4719.8
-4718.51
-4717.67
-4715.49
-4711.32
-4710.42
-4706.7
-4704.9
-4697.78
-4695.46
-4692.81
-4691.67
-4691.32
-4691.19
-4682.84
-4682.6
-4682.23
-4681.14
-4678.05
-4677.35
-4676.41
-4672.47
-4671.48
-4670.49
-4669.69
-4668.52
-4667.86
-4667.42
-4666.05
-4665.39
-4664.41
-4663.28
-4659.71
-4659.45
-4657.06
-4655.5
-4654.44
-4652.69
-4651.39
-4646.23
-4642.99
-4642.48
-4641.13
-4638.54
-4637.84
-4637.79
-4636.74
-4632.82
-4630.65
-4630.07
-4627.02
-4626.86
-4622.87
-4621.95
-4620.69
-4617.04
-4616.17
-4612.8
-4611.74
-4610.5
-4609.3
-4602.8
-4602.32
-4600.58
-4600.16
-4599.95
-4597.05
-4596.95
-4594.08
-4593.98
-4582.78
-4581.34
-4579.63
-4576.84
-4574.73
-4571.63
-4570.29
-4569.41
-4567.55
-4566.47
-4565.37
-4563.57
-4560.43
-4552.69
-4552.62
-4547.99
-4547.68
-4546.65
-4546.34
-4545.87
-4545.58
-4541.8
-4541.26
-4536.74
-4536.69
-4534.88
-4530.28
-4529.45
-4522.22
-4521.48
-4517.38
-4516.08
-4515.99
-4509.03
-4507.6
-4503.83
-4502.33
-4501.59
-4498.82
-4496.86
-4495.67
-4495.19
-4493.78
-4493.09
-4493.08
-4488.88
-4488.69
-4486.74
-4485.41
-4484.93
-4482.51
-4482.45
-4480.31
-4474.99
-4474.34
-4472.22
-4471.19
-4465.32
-4465.27
-4461.69
-4457.68
-4456.11
-4452.95
-4452.66
-4450.98
-4450.18
-4444.69
-4443.18
-4441.96
-4441.23
-4439.99
-4435.57
-4434.84
-4431.8
-4430.87
-4429.17
-4426.14
-4423.83
-4423.7
-4421.65
-4420.58
-4419.6
-4418.93
-4418.36
-4418.08
-4417.12
-4415.35
-4412.67
-4410.94
-4409.64
-4407.9
-4407.3
-4407.1
-4402.22
-4401.04
-4399.61
-4398.74
-4397.31
-4396.11
-4395.28
-4392.09
-4392.03
-4389.11
-4387.75
-4385.4
-4383.39
-4382.22
-4381.59
-4381.17
-4380.62
-4376.49
-4376.23
-4374.51
-4371.34
-4369.5
-4360.88
-4360.73
-4359.77
-4358.37
-4358.27
-4355.11
-4350.58
-4350.39
-4350.29
-4349.78
-4345.73
-4343.61
-4340.46
-4338.1
-4337.91
-4336.07
-4332.32
-4330.68
-4328.08
-4326.31
-4326.16
-4325.96
-4325.6
-4320.26
-4317.59
-4314.88
-4314.66
-4314.35
-4314.14
-4311.93
-4311
-4310.39
-4309.47
-4307.26
-4303.12
-4302.24
-4299.66
-4294.45
-4291.79
-4291.3
-4291.17
-4286.15
-4284.72
-4280.31
-4279.35
-4278.85
-4275.64
-4275.33
-4274.7
-4272.73
-4272.54
-4271.64
-4270.03
-4268.8
-4268.18
-4265.86
-4264.64
-4262.19
-4261.97
-4258.69
-4257.17
-4255.31
-4252.6
-4248.26
-4245.42
-4245.34
-4245.24
-4242.92
-4242.12
-4238.6
-4236.12
-4230.63
-4229.81
-4229.51
-4227.55
-4223.94
-4221.34
-4219.7
-4218.12
-4215.42
-4215.14
-4212.98
-4212.39
-4211.36
-4211.12
-4208.83
-4208.67
-4207.19
-4201.2
-4201.14
-4199.86
-4197.82
-4192.53
-4191.83
-4189.4
-4185.34
-4184.67
-4182.38
-4170.55
-4170.34
-4168.61
-4164.55
-4163.4
-4160.42
-4159.57
-4155.33
-4149.16
-4148.99
-4147.19
-4145.57
-4145.09
-4140.4
-4140.34
-4136.78
-4136.19
-4134.88
-4133.56
-4127.29
-4123.52
-4120.89
-4119.02
-4118.74
-4113.94
-4111.57
-4109.78
-4107.2
-4107.18
-4105.87
-4104.67
-4104.02
-4103.99
-4103.04
-4102.59
-4100.91
-4097.64
-4096.05
-4095.72
-4094.81
-4093.94
-4092.38
-4090.77
-4090.28
-4085.62
-4084.22
-4082.67
-4074.54
-4074.09
-4072.7
-4072.28
-4071.9
-4069.69
-4068.6
-4067.88
-4064.65
-4064.17
-4062.37
-4061.36
-4056.9
-4055.53
-4053.04
-4050.78
-4048.85
-4046.55
-4041.74
-4038.13
-4036.49
-4035.54
-4030.28
-4027.27
-4015.7
-4014.29
-4013.64
-4012.4
-4009.62
-4008.89
-4006.91
-4006.65
-4005.98
-4004.83
-4004.49
-4002.46
-3996.7
-3996.31
-3996.21
-3994.79
-3993.67
-3989.7
-3983.37
-3981.8
-3979.03
-3978.86
-3977.86
-3973.16
-3972.76
-3971.94
-3970.13
-3969.79
-3969.12
-3968.96
-3968.59
-3968.46
-3965.56
-3962.63
-3953.7
-3952.7
-3950.78
-3950.29
-3949.23
-3948.61
-3945.05
-3944.59
-3944.14
-3941.02
-3940.13
-3937.19
-3936.05
-3933.56
-3932.87
-3930.01
-3927.9
-3926.88
-3925.92
-3925.56
-3922.52
-3922.04
-3918.4
-3917.39
-3916.85
-3913.6
-3912.43
-3906.39
-3906.28
-3903.76
-3900.01
-3897.14
-3896.11
-3895.37
-3894.65
-3893.19
-3892.22
-3886.47
-3884.78
-3879.94
-3879.58
-3874.9
-3873.75
-3870.44
-3868.75
-3868.7
-3868.33
-3863.97
-3862.06
-3859.54
-3858.69
-3858.34
-3849.72
-3849.55
-3847.39
-3846.6
-3844.26
-3844.2
-3841.27
-3839.7
-3832.19
-3831.59
-3831.15
-3830.2
-3821.75
-3820.94
-3820.42
-3818.15
-3816.03
-3806.87
-3805.94
-3800.54
-3799.84
-3799.06
-3796.59
-3794.98
-3794.82
-3791.2
-3790.74
-3790.53
-3790.5
-3790.07
-3787.79
-3786.8
-3785.07
-3784.99
-3784.35
-3782.81
-3780.33
-3778.51
-3776.27
-3773.02
-3770.14
-3769.75
-3768.29
-3765.49
-3764.93
-3756.52
-3754.7
-3753.13
-3752.11
-3750.83
-3749.74
-3747.26
-3742.5
-3740.33
-3736.56
-3734.8
-3728.89
-3724.46
-3724.19
-3723.54
-3720.92
-3720.49
-3719.67
-3718.38
-3718.29
-3710.98
-3710
-3709.79
-3707.79
-3706.42
-3705.82
-3704.93
-3702.75
-3702.34
-3699.76
-3698.65
-3698.16
-3696.95
-3694.83
-3692.2
-3689.38
-3688.56
-3687.55
-3684.19
-3683.4
-3683.26
-3682.96
-3678.75
-3678.4
-3676.07
-3674.24
-3669.99
-3659.25
-3658.45
-3656.19
-3655.82
-3654.09
-3651.58
-3648.22
-3646.91
-3646.69
-3642.23
-3641.92
-3638.6
-3637.76
-3637.71
-3635.78
-3635.48
-3635.14
-3635.06
-3633.86
-3632.25
-3631.65
-3630.07
-3627.82
-3626.88
-3626.58
-3624.79
-3622.93
-3620.79
-3619.97
-3619.62
-3619.6
-3619.02
-3618.97
-3618.88
-3615.77
-3610.86
-3607.54
-3605.23
-3605.21
-3599.1
-3592.49
-3591.16
-3591.03
-3590.38
-3589.3
-3587.72
-3584.86
-3584.18
-3582.75
-3582.05
-3579.93
-3579.07
-3578.13
-3576.83
-3573.09
-3573.05
-3571.69
-3571.45
-3568.03
-3566.47
-3565.54
-3564.43
-3564.27
-3560.78
-3558.54
-3554.83
-3549.45
-3549.23
-3549.13
-3543.19
-3541.64
-3540.4
-3539.71
-3539.63
-3536.87
-3533.42
-3533.03
-3532.63
-3532.16
-3529.26
-3529.12
-3528.73
-3515.74
-3512.17
-3511.52
-3508.77
-3507.03
-3503.69
-3503.1
-3501.7
-3500.47
-3500.23
-3496.66
-3495.41
-3493.54
-3493.22
-3492.33
-3490.92
-3488.62
-3485.9
-3483.52
-3483.17
-3482.76
-3482.68
-3477.07
-3476.64
-3473.91
-3473.26
-3473.25
-3472.21
-3469.35
-3469
-3463.74
-3462.54
-3460.33
-3460
-3459.18
-3458.99
-3458.39
-3456.98
-3455.48
-3454.43
-3449.74
-3447.68
-3444.04
-3441.28
-3440.29
-3437.74
-3437.2
-3435.9
-3435.39
-3434.69
-3431.97
-3431.21
-3429.71
-3421.7
-3421.47
-3419.58
-3418.71
-3417.48
-3416.04
-3409.82
-3409.46
-3409.03
-3408.37
-3406.27
-3403.7
-3401.19
-3400.53
-3399.11
-3398.33
-3387.43
-3386.87
-3384.75
-3384.29
-3383.26
-3381.68
-3379.72
-3374.79
-3374.16
-3373.51
-3370.2
-3369.49
-3367.99
-3367.56
-3363.32
-3362.76
-3357.83
-3351.32
-3350.4
-3349.25
-3348.3
-3347.92
-3343.27
-3341.5
-3341.37
-3338.54
-3338.21
-3336.88
-3331.76
-3330.31
-3328.21
-3327.81
-3325.58
-3324.61
-3323.87
-3323.3
-3320.89
-3318.05
-3314.83
-3313.66
-3309.96
-3309.56
-3309.08
-3306.36
-3300.58
-3298.6
-3297.54
-3293.71
-3293.31
-3293.03
-3292.98
-3292.21
-3289.85
-3289.17
-3289
-3286.38
-3285.24
-3280.93
-3279.36
-3278.56
-3276.09
-3276.05
-3270.79
-3270.59
-3267.43
-3266.7
-3261.44
-3261.37
-3260.81
-3258.47
-3254.75
-3252.84
-3250.26
-3248.87
-3248.48
-3245.87
-3244.53
-3241.99
-3241.43
-3241.06
-3240.8
-3240.29
-3232.24
-3232.01
-3230.64
-3228.49
-3227.81
-3225.08
-3224.08
-3222.85
-3215.15
-3210.75
-3202.9
-3199.5
-3197.49
-3192.94
-3191.17
-3187.7
-3186.04
-3185.24
-3175.86
-3173.55
-3170.33
-3169.12
-3167.5
-3166.4
-3165.36
-3164.03
-3162.7
-3159.33
-3157.29
-3157.06
-3156.45
-3156.09
-3152.67
-3150.88
-3148.6
-3139.79
-3137.87
-3136.7
-3135.7
-3135.53
-3135.51
-3135.18
-3133.52
-3133.3
-3131.92
-3129.67
-3126.99
-3125.99
-3121.61
-3121.53
-3114.62
-3114.02
-3113.16
-3106.81
-3105.17
-3103.8
-3097.99
-3097.36
-3096.26
-3093.03
-3088.59
-3087.62
-3084.84
-3084.05
-3082.9
-3081.43
-3079.49
-3075.41
-3074.31
-3073.43
-3073.41
-3072.85
-3071.78
-3070.46
-3068.69
-3067.75
-3067.03
-3066.74
-3063.74
-3060.07
-3059.87
-3058.83
-3058.21
-3057.95
-3045.93
-3045.64
-3043.56
-3041.77
-3040.92
-3040.59
-3038.91
-3038.74
-3034.49
-3034.34
-3033.33
-3028.89
-3024.9
-3024.1
-3020.43
-3020.11
-3017.91
-3017.54
-3017.27
-3016.36
-3016.33
-3012.53
-3012.13
-3008.85
-3004.54
-3001.86
-3000.67
-2999.34
-2996.16
-2994.28
-2991.54
-2985.96
-2985.86
-2981.34
-2976.53
-2975.54
-2974.76
-2971.84
-2969.86
-2962.7
-2958.7
-2958.55
-2958.05
-2957.63
-2957.59
-2955.23
-2955.12
-2953.02
-2952.88
-2948.19
-2946.03
-2941.41
-2939.5
-2938.41
-2937.76
-2935.73
-2930.8
-2929.93
-2927.16
-2926.66
-2920.93
-2920.86
-2917.86
-2916.47
-2916.11
-2914.05
-2907.33
-2904.04
-2904.03
-2903.77
-2902.48
-2899.25
-2898.6
-2898.38
-2898.21
-2896.87
-2894.31
-2891.83
-2887.66
-2887.55
-2884.32
-2879.5
-2879.12
-2876.1
-2874.37
-2873.24
-2871.5
-2869.63
-2869.3
-2868.69
-2868.29
-2867.26
-2867.03
-2866.79
-2864.45
-2864.28
-2859.09
-2858.98
-2858.85
-2856.68
-2853.88
-2850.2
-2848.88
-2848.35
-2845.71
-2843.72
-2841.92
-2840.36
-2835.66
-2832.41
-2832.19
-2831.58
-2831.43
-2828.4
-2826.72
-2824.52
-2823.68
-2821.79
-2817.11
-2813.04
-2813.01
-2811.75
-2811.14
-2807.98
-2807.38
-2807.23
-2807.17
-2806.09
-2802.17
-2801.53
-2798.29
-2794.35
-2794.15
-2792.97
-2786.59
-2783.18
-2774.74
-2773.83
-2769.59
-2766.66
-2765.5
-2764.17
-2763.19
-2760.72
-2758.36
-2758.1
-2754.66
-2751.68
-2750.84
-2750.56
-2750.05
-2747.91
-2747.7
-2747.21
-2739.79
-2739.76
-2739.31
-2736.9
-2735.53
-2733.46
-2731.04
-2730.8
-2727.82
-2726.8
-2726.28
-2721.61
-2720.1
-2720
-2717.42
-2715.76
-2715.26
-2715.21
-2710.82
-2710.59
-2706.39
-2703.56
-2703.52
-2703.24
-2701.78
-2699.41
-2698.33
-2697.98
-2693.33
-2693.07
-2692.97
-2690.85
-2689.55
-2689.06
-2678.02
-2668.1
-2665.8
-2664.54
-2658.6
-2658.07
-2654.26
-2650.97
-2648.65
-2648.16
-2645.4
-2642.32
-2641.81
-2639.12
-2638.82
-2638.78
-2638.57
-2637.24
-2634.49
-2630.7
-2621.9
-2621.8
-2621.77
-2620.33
-2619
-2615.78
-2615.19
-2614.82
-2612.03
-2610.66
-2610.31
-2606.86
-2606.82
-2606.2
-2605.84
-2598.82
-2592.42
-2586.82
-2586.69
-2586.44
-2584.56
-2582.33
-2581.38
-2580.73
-2578.42
-2577.37
-2572.06
-2571.91
-2568.06
-2564.85
-2564.73
-2563.07
-2561.36
-2558.9
-2557.08
-2555.78
-2552.92
-2552.89
-2551.68
-2549.33
-2549.27
-2546.57
-2545.59
-2544.5
-2544.1
-2535.49
-2524.88
-2523.78
-2521.59
-2521.3
-2520.57
-2518.2
-2512.7
-2509.41
-2502.56
-2502.56
-2498.22
-2497.2
-2494.38
-2492.13
-2489.68
-2488.54
-2481.84
-2470.63
-2470.61
-2469.75
-2468.18
-2466.12
-2462.18
-2460.77
-2460.74
-2459.43
-2457.75
-2449.51
-2444.81
-2444.54
-2439.92
-2439.09
-2438.58
-2436.55
-2436.22
-2435.64
-2431.52
-2430.67
-2427.81
-2421.84
-2420.98
-2419.18
-2418.55
-2417.84
-2414.79
-2413.1
-2410.52
-2410.47
-2409.29
-2407.82
-2395.85
-2392.27
-2391.79
-2390.05
-2389.91
-2386.39
-2383.18
-2382.52
-2379.21
-2378.93
-2376.83
-2372.35
-2370.13
-2363.17
-2361.47
-2359.22
-2359.04
-2356.25
-2355.46
-2354.17
-2353.2
-2352.93
-2351.05
-2350.12
-2346.74
-2344.71
-2339.13
-2332.41
-2332.31
-2332.01
-2331.38
-2330.68
-2329.64
-2325.14
-2322.74
-2320.08
-2319.65
-2315.42
-2315.37
-2312.4
-2304.75
-2303.77
-2303.55
-2302.56
-2297.78
-2296.74
-2296.16
-2296.09
-2295.78
-2295.05
-2293.62
-2293.13
-2290.28
-2276.24
-2271.94
-2271.89
-2271.7
-2268.2
-2267.83
-2264.68
-2264.5
-2262.96
-2261.16
-2258.19
-2257.74
-2253.3
-2251.37
-2248.52
-2248.19
-2246.39
-2245.27
-2243.57
-2242.85
-2239.66
-2239.64
-2238.42
-2235.49
-2234.12
-2233.83
-2233.3
-2232.06
-2227.08
-2226.28
-2224.56
-2223.21
-2222.61
-2222.2
-2220.94
-2217.7
-2215.82
-2214.68
-2212.78
-2211.64
-2208.42
-2207.49
-2200.48
-2195.06
-2193.67
-2193.55
-2186.89
-2184.63
-2183.39
-2180.28
-2178.59
-2176.03
-2175.31
-2174.62
-2173.04
-2172.27
-2165.82
-2163.92
-2162.93
-2161.15
-2158.63
-2157.64
-2156.8
-2156.8
-2155.2
-2154.34
-2153.93
-2153.58
-2153.31
-2151.33
-2146.7
-2143.99
-2140.83
-2139.93
-2139.54
-2139.42
-2137.6
-2137.46
-2137.13
-2132.29
-2126.92
-2126.1
-2125.28
-2124.04
-2121.55
-2119.39
-2118.72
-2117.29
-2116.38
-2112.08
-2109.48
-2105.22
-2100.44
-2099.7
-2099.19
-2096.79
-2094.18
-2092.53
-2091.77
-2089.71
-2089.66
-2087.99
-2081.77
-2076.39
-2075.34
-2073.14
-2069.49
-2066.36
-2060.26
-2059.63
-2059.45
-2058.61
-2057.8
-2056.29
-2039.38
-2037.46
-2036.83
-2035.79
-2034.95
-2033.34
-2032.75
-2032.57
-2032.12
-2030.68
-2030.33
-2026.12
-2023.16
-2022.39
-2020.97
-2020.82
-2018.69
-2016.65
-2015.11
-2012.86
-2012.31
-2010.15
-2006.9
-2006.45
-2003.98
-2003.73
-2003.73
-2003.63
-2002.48
-2001.52
-1997.76
-1996.7
-1995.69
-1994.62
-1990.05
-1982.91
-1978.14
-1974.79
-1962.98
-1961.26
-1959.8
-1959.43
-1959.34
-1956.49
-1956.42
-1953.13
-1953.11
-1951.6
-1951.08
-1945.52
-1937.71
-1937.1
-1936.62
-1936.05
-1936.01
-1935.05
-1933.15
-1932.19
-1930.78
-1927.3
-1926.35
-1926
-1925.93
-1924.35
-1923.51
-1922.68
-1922.26
-1921.26
-1920.21
-1915.63
-1909.65
-1906.27
-1905.77
-1905.36
-1903.09
-1896.63
-1894.32
-1894.05
-1892.81
-1892.65
-1885.51
-1882.25
-1882.01
-1872.81
-1867.94
-1860.26
-1857.18
-1855.94
-1855.03
-1854.69
-1852.45
-1851.95
-1850.55
-1850.01
-1847
-1843.89
-1843.16
-1838.09
-1837.52
-1832.74
-1831.5
-1829.84
-1828.35
-1826.67
-1826.21
-1824.73
-1824.3
-1823.67
-1817.5
-1813.53
-1807.7
-1805.65
-1804.78
-1799.47
-1794.36
-1793.53
-1793.19
-1791.79
-1789.07
-1786.57
-1786.08
-1785.43
-1782.8
-1779.72
-1778.78
-1778.3
-1776.67
-1774.81
-1773.26
-1760.09
-1759
-1755.12
-1754.81
-1753.21
-1750.87
-1750.86
-1749.7
-1748.45
-1747.74
-1746.9
-1743.09
-1742.66
-1738.19
-1737.78
-1737.24
-1735.91
-1735.51
-1731.84
-1729.01
-1728.62
-1727.13
-1726.88
-1726.77
-1724.13
-1722.04
-1721.55
-1719.39
-1713.63
-1711.72
-1710.82
-1709.36
-1708.96
-1708.35
-1708.14
-1706.07
-1702.74
-1696.54
-1695.24
-1695.18
-1693.61
-1691.87
-1690.08
-1688.42
-1687.32
-1686.2
-1679.37
-1678.92
-1676.24
-1671.44
-1671.2
-1667.9
-1665.43
-1665.43
-1662.33
-1662.19
-1661.26
-1657.5
-1654.15
-1650.85
-1649.19
-1646.58
-1642.65
-1641.48
-1638.6
-1637.85
-1635.56
-1635.01
-1632.99
-1632.89
-1630.17
-1627.01
-1624.73
-1623.96
-1621.22
-1619.57
-1615.26
-1613.93
-1610.87
-1608.65
-1607.28
-1606.07
-1605.73
-1604.63
-1604.37
-1603.5
-1601.63
-1601.48
-1600.11
-1599.75
-1598.24
-1596.92
-1595.14
-1594.51
-1593.27
-1593.1
-1592.95
-1592.09
-1591.66
-1587.31
-1584.06
-1581.48
-1580.46
-1575.35
-1573.83
-1567.99
-1566.38
-1565.67
-1564.98
-1563.35
-1562.82
-1562.67
-1560.98
-1558.93
-1558.75
-1556.14
-1555.94
-1554.97
-1554.84
-1554.69
-1554.38
-1552.33
-1552.08
-1550.4
-1548.37
-1538.95
-1534.82
-1532.77
-1531.64
-1531.07
-1531.06
-1530.89
-1530.28
-1530.12
-1528.87
-1526.18
-1524
-1523.55
-1521.64
-1519.25
-1518.1
-1517.39
-1516.28
-1516.19
-1515.83
-1515.3
-1514.71
-1512.6
-1511.91
-1506.38
-1506.33
-1500.27
-1498.27
-1495.78
-1492.7
-1492.56
-1492.38
-1489.55
-1486.97
-1485.23
-1484.64
-1483.44
-1481.81
-1480.22
-1478.57
-1473.03
-1472.25
-1470.36
-1468.05
-1467.71
-1465.99
-1465.15
-1464.25
-1459.8
-1458.42
-1456.02
-1448.39
-1445.52
-1445.25
-1442.66
-1442.44
-1442.24
-1440.99
-1439.61
-1439.14
-1437.06
-1436.71
-1434.84
-1433.71
-1433.38
-1432.12
-1430.65
-1424.77
-1423.57
-1422.18
-1422.05
-1419.02
-1418.09
-1417.65
-1417.63
-1414.39
-1410.8
-1410.42
-1410.14
-1410
-1406.9
-1398.14
-1395.9
-1390.99
-1390.82
-1385.74
-1385.35
-1382.65
-1380.12
-1376.49
-1376.39
-1372.97
-1372.43
-1360.84
-1359.68
-1359.15
-1358.92
-1353.57
-1345.86
-1344.04
-1343.69
-1341.44
-1337.58
-1336.1
-1334.18
-1333.2
-1324.34
-1322.87
-1314.1
-1314.02
-1313.03
-1312.43
-1311.35
-1310.41
-1309.92
-1309.2
-1307
-1303.82
-1296.52
-1294.83
-1293.4
-1288.08
-1287
-1283.49
-1283.35
-1279.99
-1278.2
-1277.47
-1276.37
-1275.2
-1274.46
-1264.58
-1264.01
-1263.23
-1260.39
-1257.72
-1253.64
-1252.25
-1252
-1248.78
-1241.23
-1240.19
-1238.24
-1237.83
-1236.88
-1235.24
-1231.21
-1229.75
-1229.03
-1227.85
-1225.99
-1224.97
-1223.82
-1223.57
-1214.78
-1212.44
-1212.38
-1209.49
-1208.55
-1208.14
-1208.06
-1206.95
-1203.51
-1202.19
-1197.1
-1194.44
-1193.88
-1193.25
-1190.34
-1189.43
-1188.49
-1188.04
-1187.44
-1186.22
-1185.61
-1184.43
-1184.2
-1182.43
-1182.26
-1181.33
-1179.56
-1175.27
-1173.37
-1173.23
-1171.25
-1170.96
-1170.73
-1166.11
-1164.45
-1159.39
-1154.3
-1152.78
-1149.01
-1146.45
-1146.25
-1146.03
-1143.55
-1143.13
-1142.14
-1141.94
-1141.44
-1140.95
-1140.87
-1135.17
-1135.01
-1133.58
-1133.3
-1129.13
-1124.75
-1124.56
-1123.64
-1119.06
-1117.8
-1116.02
-1115.81
-1114.36
-1113.46
-1112.33
-1109.66
-1105.13
-1103.86
-1103.46
-1100.04
-1097.89
-1097.5
-1092.87
-1092.18
-1092.07
-1089.59
-1087.06
-1085.99
-1084.09
-1082.52
-1082.28
-1082.07
-1081.81
-1081.26
-1080.94
-1080.55
-1078.39
-1076.57
-1076.47
-1075.9
-1073.21
-1072.85
-1071.91
-1069.76
-1069.67
-1068.54
-1067.04
-1065.66
-1064.01
-1059.82
-1057.41
-1057.27
-1056.85
-1054.94
-1054.88
-1049.74
-1046.55
-1045.08
-1044.72
-1044.08
-1043.08
-1042.76
-1039.67
-1039.49
-1038.27
-1037.84
-1037.58
-1037.54
-1035.96
-1034.39
-1028.51
-1025.1
-1021.53
-1020.62
-1019.63
-1019.48
-1010.84
-1008.18
-1006.97
-1006.35
-1001.66
-999.846
-996.34
-993.223
-990.163
-989.576
-986.416
-984.073
-983.785
-983.219
-976.027
-973.759
-972.665
-972.349
-971.663
-970.116
-969.109
-968.622
-968.31
-966.662
-966.054
-965.233
-962.994
-960.885
-955.681
-955.001
-951.305
-950.723
-934.164
-932.396
-930.756
-928.218
-927.868
-924.79
-921.217
-920.786
-920.003
-916.995
-910.198
-905.548
-904.341
-902.792
-902.1
-900.338
-899.421
-899.117
-898.216
-897.779
-896.239
-891.535
-888.542
-885.329
-884.983
-880.368
-875.493
-875.447
-873.428
-872.729
-868.776
-866.427
-865.851
-862.912
-862.865
-859.064
-858.945
-856.517
-855.374
-851.594
-848.854
-845.141
-840.99
-840.25
-839.725
-837.771
-835.086
-835.069
-830.876
-826.779
-826.593
-826.27
-825.741
-824.832
-823.827
-822.067
-821.567
-820.032
-816
-814.091
-812.485
-807.736
-803.229
-802.343
-794.981
-794.354
-793.122
-791.519
-791.166
-790.998
-788.956
-788.827
-786.48
-784.881
-784.245
-783.688
-779.618
-777.979
-776.635
-771.823
-769.905
-763.669
-763.046
-762.055
-758.893
-757.951
-755.815
-752.414
-751.325
-749.301
-746.007
-743.84
-743.438
-743.189
-740.013
-733.82
-733.436
-731.307
-727.942
-726.839
-721.794
-721.361
-718.429
-717.059
-716.725
-716.694
-713.715
-713.537
-710.821
-708.775
-705.112
-703.02
-701.803
-695.937
-695.743
-694.551
-691.539
-691.365
-690.849
-689.169
-686.645
-684.932
-682.712
-682.204
-678.522
-678.38
-673.081
-667.829
-667.661
-666.739
-665.318
-663.502
-663.284
-662.195
-661.713
-659.098
-657.982
-655.917
-654.938
-652.356
-651.234
-646.966
-645.583
-644.975
-641.729
-641.055
-640.546
-639.743
-638.562
-636.966
-633.862
-631.203
-631.123
-627.733
-627.012
-626.166
-626.03
-621.837
-621.127
-620.273
-620.193
-614.264
-612.614
-612.549
-610.555
-608.126
-603.01
-600.943
-596.706
-593.62
-591.872
-590.978
-590.733
-590.521
-589.91
-586.451
-584.148
-582.5
-581.095
-575.318
-572.591
-571.937
-569.871
-569.463
-567.772
-564.327
-560.659
-557.424
-557.342
-556.981
-552.482
-552.023
-551.071
-549.562
-545.488
-544.801
-539.831
-539.641
-539.269
-537.631
-537.377
-536.748
-535.153
-534.204
-529.935
-523.165
-517.017
-516.823
-514.435
-511.013
-506.874
-501.61
-501.443
-501.104
-500.457
-500.397
-490.891
-490.174
-483.391
-481.202
-480.311
-478.35
-477.354
-476.878
-476.669
-476.418
-470.66
-467.675
-467.645
-462.955
-462.275
-457.826
-455.298
-454.979
-453.377
-451.299
-447.838
-439.816
-437.504
-433.388
-433.375
-429.49
-427.321
-426.821
-426.351
-426.213
-424.226
-422.152
-421.66
-419.427
-417.138
-415.092
-414.746
-414.673
-413.898
-413.343
-411.084
-409.805
-403.812
-397.356
-397.217
-396.581
-393.996
-391.167
-390.765
-387.185
-386.216
-385.768
-382.075
-381.035
-380.809
-373.647
-373.269
-367.267
-365.922
-359.116
-354.576
-351.856
-348.579
-348.557
-345.748
-344.302
-342.538
-341.583
-339.259
-339.065
-334.258
-333.89
-333.488
-333.017
-332.597
-332.165
-329.591
-327.974
-327.406
-325.255
-324.814
-323.002
-321.801
-321.401
-321.001
-320.575
-319.996
-318.868
-318.658
-315.53
-313.397
-312.319
-311.783
-309.642
-308.042
-306.434
-299.674
-297.162
-296.62
-293.721
-290.715
-290.08
-289.542
-289.532
-289.181
-288.986
-288.821
-288.588
-287.061
-285.331
-280.69
-278.579
-277.182
-276.736
-274.85
-271.378
-266.138
-265.63
-262.918
-262.863
-256.633
-256.395
-254.182
-251.515
-250.268
-242.443
-241.752
-241.45
-240.548
-237.673
-235.632
-235.372
-233.402
-233.084
-231.444
-231.083
-230.787
-230.074
-225.815
-224.491
-223.555
-216.08
-215.483
-213.216
-211.632
-211.305
-209.686
-208.162
-206.59
-205.686
-204.25
-202.271
-199.611
-197.801
-194.692
-191.484
-191.435
-191.311
-190.802
-187.524
-186.925
-185.469
-182.863
-178.285
-175.908
-175.723
-175.442
-175.301
-173.171
-170.982
-168.56
-168.403
-166.272
-165.567
-165.437
-165.117
-159.766
-158.833
-157.909
-157.438
-155.857
-155.261
-151.238
-151.095
-149.334
-149.144
-146.363
-146.02
-145.541
-143.761
-136.769
-134.548
-132.53
-131.639
-126.639
-126.483
-125.359
-123.354
-122.117
-120.115
-119.397
-119.277
-115.431
-112.557
-111.921
-108.775
-108.637
-107.22
-106.971
-106.593
-106.086
-105.055
-101.32
-100.376
-98.2554
-96.4575
-94.6577
-93.8799
-87.7017
-87.1719
-84.7129
-78.3149
-76.4985
-74.8311
-73.8232
-71.7349
-70.6616
-69.8091
-69.5708
-69.5103
-68.3872
-66.7354
-65.9272
-65.3174
-63.3804
-60.5288
-57.4741
-56.4429
-56.0249
-55.4438
-54.2993
-50.5874
-49.2241
-46.6719
-45.9282
-45.1519
-44.4409
-43.8867
-40.9595
-35.6113
-33.5635
-32.5361
-30.3027
-28.7466
-28.3647
-24.647
-23.4697
-23.3428
-22.1909
-21.542
-20.937
-19.7617
-17.8057
-11.8506
-11.2881
-7.26904
-4.45557
-3.36719
-2.94971
-2.14307
-0.581055
9.19336
12.4331
15.6328
18.939
20.7778
22.2832
22.4287
24.1025
29.5762
29.8794
31.7393
32.8252
34.7246
39.6309
39.7788
41.311
41.7627
43.0439
43.6553
46.3584
47.4062
49.5156
49.9302
51.2314
54.8174
56.1401
57.8374
58.8071
59.4688
61.5068
65.7773
70.7651
71.8838
75.9565
77.4385
77.6167
77.6763
82.7075
83.083
84.4702
85.0967
87.7329
88.4995
88.6733
91.1646
93.8848
94.9736
96.5215
99.4624
103.593
104.343
105.8
108.929
109.318
112.091
115.583
118.286
121.701
121.835
122.811
123.64
125.576
125.667
125.898
126.081
126.805
128.445
130.985
134.659
138.928
138.976
139.177
140.112
140.183
140.753
148.217
150.124
150.422
150.568
152.484
155.688
157.041
157.213
162.906
162.924
163.131
163.19
166.004
167.63
168.553
170.589
170.957
171.06
172.585
173.185
173.456
175.513
178.82
178.895
179.516
180.412
181.201
183.797
187.68
189.704
190.603
190.707
192.042
192.575
194.836
196.52
197.208
198.806
199.361
200.662
201.064
202.691
205.28
205.32
205.322
206.416
208.151
209.102
211.828
213.514
213.766
214.832
214.942
219.839
220.482
221.929
221.941
222.924
227.304
228.777
230.229
234.177
235.123
239.721
240.256
242.212
243.982
244.09
246.292
247.514
249.312
250.98
251.415
252.452
252.542
259.89
260.975
263.853
267.823
268.13
268.88
271.596
272.523
275.979
280.496
281.122
282.406
285.892
286.869
287.745
288.375
288.835
292.767
293.564
294.537
296.546
299.291
299.988
308.412
309.081
309.246
313.649
315.062
317.102
318.106
318.298
318.63
323.666
324.579
324.829
324.886
325.454
329.229
330.984
330.998
332.334
333.098
333.764
337.128
339.655
340.415
341.17
341.954
342.445
343.272
343.959
345.272
347.37
349.219
349.885
350.128
350.531
351.125
351.311
351.328
351.496
355.96
356.424
356.471
356.519
356.763
358.137
360.015
361.78
362.403
371.184
376.288
378.608
381.038
381.979
385.115
385.699
386.162
386.775
391.025
395.986
396.425
402.16
402.621
408.556
408.618
414.247
421.372
421.445
423.381
426.04
431.407
431.411
435.946
435.983
440.831
444.651
447.917
450.738
451.243
453.46
454.444
455.22
455.225
455.397
455.515
457.167
458.633
462.382
466.17
467.504
471.54
474.941
476.323
485.026
486.61
490.129
491.355
493.635
493.657
496.347
500.461
501.655
502.628
502.674
509.67
511.61
512.721
512.742
513.499
513.64
514.338
516.109
519.636
520.336
521.16
521.334
527.302
531.746
533.837
536.062
536.6
539.442
539.795
540.034
540.246
542.315
543.435
548.837
551.196
553.89
554.031
556.133
556.804
562.012
563.265
564.263
565.592
568.362
568.393
570.188
570.792
571.416
572.384
572.462
572.725
572.768
572.931
573.017
574.729
579.802
580.413
581.081
581.745
584.912
585.29
586.33
590.749
599.868
600.174
600.708
603.812
603.983
608.665
609.168
610.19
610.667
610.767
613.567
616.311
617.305
621.411
622.088
628.843
630.361
633.063
633.669
635.12
635.882
638.406
640.068
641.029
641.228
641.95
643.319
643.794
645.97
646.292
647.678
649.414
649.613
650.679
650.978
658.64
662.048
667.532
670.217
671.051
671.553
673.655
673.886
675.083
675.987
677.134
680.042
686.517
687.314
693.061
695.848
696.498
699.533
700.955
706.119
706.124
707.874
708.148
709.699
712.218
718.025
718.976
719.735
720.996
721.319
724.134
724.636
725.017
727.622
728.486
728.95
730.012
734.835
737.875
738.181
738.979
740.426
741.926
741.973
742.202
743.69
749.05
751.365
755.52
757.136
765.908
768.533
768.797
769.737
775.209
778.817
781.153
784.341
792.009
792.357
794.026
794.853
799.412
800.39
804.152
810.104
811.429
813.952
814.076
815.583
817.624
822.126
822.148
822.483
824.343
825.49
830.335
831.914
833.598
839.105
842.387
843.812
845.927
846.206
847.504
851.119
854.104
854.523
855.611
857.802
858.957
858.982
859.792
860.506
860.691
869.301
871.913
872.444
873.32
877.297
877.411
880.892
881.879
885.556
886.719
889.825
892.354
897.006
899.914
900.497
901.557
902.322
903.032
905.923
909.205
912.42
913.286
916.31
918.681
918.955
922.219
924.466
926.112
926.242
928.468
930.717
931.07
931.294
931.656
932.003
932.689
933.183
934.73
937.205
939.295
940.087
941.89
942.271
943.126
945.614
946.63
947.275
949.44
951.524
952.123
952.977
954.35
957.597
961.675
962.246
966.132
966.454
966.646
966.832
971.238
973.935
978.809
978.955
982.423
983.264
983.631
983.981
985.482
986.237
990.401
993.744
993.747
996.445
997.47
998.24
999.858
1001.68
1001.83
1001.92
1008.75
1009.56
1011.24
1012.93
1014.06
1017.42
1018.78
1022.69
1023.74
1024.38
1026.95
1028.79
1029.1
1031.87
1034.56
1034.65
1036.63
1038.37
1040.01
1042.08
1042.37
1043.74
1044.35
1044.99
1049.68
1051.62
1051.68
1052.76
1053.62
1056.87
1063.58
1063.92
1067.69
1070.54
1071.64
1075.79
1076.05
1079.43
1079.99
1080.67
1081.48
1084.16
1088.04
1088.33
1088.92
1095.01
1102.4
1105.53
1107.53
1108.52
1109.24
1110.46
1111.84
1112.4
1113.94
1115.57
1118.38
1120.52
1122.26
1123.26
1123.39
1124.16
1127.02
1127.99
1128.49
1129.38
1130.99
1132.08
1132.51
1133.6
1139.59
1139.76
1140.81
1141.48
1144.03
1145.03
1145.73
1146.55
1146.62
1155.72
1156.87
1162.63
1164.88
1165.43
1165.45
1166.38
1167.7
1171.59
1173
1176.14
1177.99
1181.38
1182.61
1182.62
1184.45
1184.66
1185.9
1186.38
1190.83
1192.47
1194.81
1195.51
1196.1
1204.05
1205.36
1206.29
1206.46
1211.65
1215.66
1216.28
1217.49
1217.89
1220.44
1220.51
1222.01
1222.02
1222.38
1224.26
1226.01
1232.13
1233.87
1233.89
1234.69
1240.29
1242.95
1244.83
1247.25
1247.33
1248.66
1248.78
1250.47
1256.26
1257.24
1257.33
1257.59
1257.73
1257.77
1260.51
1263.38
1266.29
1267.39
1267.66
1269.97
1273.63
1274.73
1277.01
1277.9
1282.63
1284.33
1285.1
1286.26
1287
1288.15
1289.72
1291.48
1291.87
1301.29
1301.92
1305.32
1305.56
1306.55
1308.16
1309.75
1310.28
1313.33
1314.92
1315.43
1319.17
1321.49
1326.29
1327.32
1328.45
1329.22
1329.45
1330.24
1330.63
1331.02
1331.47
1332.9
1336.29
1339.98
1341.11
1343.6
1343.77
1343.88
1351.44
1351.88
1357
1359.06
1362.12
1363.43
1369.68
1372.21
1373.04
1373.53
1375.43
1378.23
1379.61
1379.64
1380.95
1388.42
1389.34
1389.53
1390.31
1394.37
1398.5
1399.16
1399.78
1401.97
1402.34
1404.47
1408.16
1408.36
1409.45
1409.99
1412.64
1413.34
1413.94
1421.36
1423.31
1431.91
1433.85
1436.98
1437.57
1439.62
1439.72
1439.81
1442.41
1443.11
1443.15
1444.39
1444.66
1447.56
1449.3
1450.07
1452.33
1453.42
1456.97
1458.24
1459.49
1460.22
1460.96
1461.91
1461.93
1464.97
1466
1466.49
1466.83
1467.55
1468.27
1468.79
1470.32
1471.39
1481.14
1481.27
1483.86
1488.61
1488.75
1489.82
1492.83
1499.58
1500.53
1506.97
1507.93
1509.88
1510.28
1511.75
1512.79
1515.55
1516.17
1522.36
1526.97
1529.98
1531.61
1543.34
1543.46
1543.92
1545.22
1547.38
1548.83
1551.23
1552.55
1552.93
1555.04
1557.73
1558.16
1558.4
1558.69
1559.51
1562.18
1566.64
1568.99
1569.2
1569.53
1571.02
1573.84
1573.99
1575.58
1576.45
1581.49
1582.12
1588.4
1589.91
1596.83
1601.8
1602.4
1603.91
1603.92
1611.33
1612.31
1614.8
1615.75
1622.08
1623.29
1627.19
1628.88
1630.69
1631.25
1638.07
1639.06
1640.23
1644.55
1645.79
1648.96
1649.45
1649.45
1654.07
1654.77
1656.05
1660.45
1661.59
1662.05
1664.23
1669.43
1673.48
1674.05
1674.22
1674.57
1674.85
1678.89
1679.09
1680.76
1684.32
1684.69
1686.7
1688.52
1688.78
1692.41
1692.45
1694.21
1695.78
1696.61
1696.89
1697.66
1699.25
1700.87
1703.78
1707.49
1708.32
1708.88
1709.09
1711.51
1713.19
1714.22
1716.67
1720.51
1723.51
1724.57
1725.72
1725.85
1725.87
1726.32
1727.22
1728.47
1732.32
1734.86
1736.32
1737.6
1738.26
1740.82
1745.27
1750.32
1751.6
1756.09
1757.94
1758.19
1769.58
1772.45
1773.91
1776.99
1782.11
1783.25
1806.88
1806.93
1808.03
1814.08
1814.69
1814.83
1815.59
1818.31
1820.23
1821.5
1822.29
1822.86
1824.11
1824.89
1828.79
1828.8
1829.71
1829.99
1836.81
1838.15
1838.17
1840.95
1841.69
1841.93
1842.02
1842.06
1842.16
1842.43
1843.14
1846.99
1847.52
1850.51
1851.35
1855.83
1859.01
1859.63
1862.17
1862.9
1868.89
1869.6
1872.25
1873.3
1876.01
1877.36
1877.82
1880.94
1882.16
1883.96
1885.56
1889.79
1890.89
1893.81
1895.71
1896.47
1898.11
1899.68
1903.85
1904.73
1906.69
1908.27
1909.64
1912.54
1915.8
1916.09
1917.62
1920.44
1920.78
1921.98
1922.29
1922.64
1925
1925.27
1925.73
1926.3
1930.01
1937.19
1941.18
1944.11
1944.13
1951.96
1952.46
1962.45
1965.62
1965.69
1966.42
1966.6
1967.13
1968.4
1968.71
1969.99
1970.04
1971.39
1971.7
1971.81
1972.54
1973.54
1976.91
1977.07
1982.35
1982.36
1984.39
1988.72
1989.07
1989.46
1992.05
1996.49
1998.15
1998.4
2000.66
2001.16
2001.25
2001.47
2003.31
2007.01
2009.83
2010.19
2010.48
2011.4
2014.15
2015.81
2016.45
2016.94
2017.99
2018.37
2022.47
2023.78
2024.96
2026.85
2027.03
2030.43
2031.86
2039.74
2042.2
2046.75
2047.15
2050.64
2053.31
2055.16
2056.63
2062.03
2062.3
2062.49
2065.57
2066.18
2068.01
2068.91
2069.96
2074
2074.93
2075.76
2076.36
2077.14
2078.86
2083.27
2088.3
2090.17
2092.38
2095.63
2095.64
2097.94
2098.85
2101.05
2103.06
2104.91
2106.24
2108.63
2109.67
2112.17
2117.94
2122.65
2134.24
2136.36
2136.44
2136.82
2137.96
2138.9
2141.28
2142.98
2143.2
2147.85
2148.33
2148.45
2149.34
2151.88
2157.98
2163.07
2164.71
2164.89
2169.47
2169.97
2171.97
2172.69
2175.86
2177.2
2178.08
2178.59
2178.81
2179.44
2180.16
2183.89
2185.34
2186.6
2187.89
2193.33
2193.42
2195
2196.1
2196.29
2204.11
2205.92
2206.5
2207.9
2210.67
2211.62
2212.9
2216.43
2216.85
2219.76
2223.22
2224.38
2225.28
2227.91
2231.77
2233.07
2233.54
2234.7
2235.09
2239.39
2245.95
2248.75
2249.28
2249.82
2254.59
2257.2
2257.95
2261.51
2261.74
2267.8
2268.23
2269.17
2270.29
2271.36
2274.03
2275.44
2286.83
2287.04
2289.2
2291.43
2291.51
2295.92
2299.42
2300.38
2308.94
2312.18
2316.09
2323.32
2323.58
2325.05
2325.6
2327.91
2331.21
2331.68
2331.77
2334.88
2335.06
2339.23
2339.74
2344
2346.36
2347.59
2347.67
2350.03
2353.25
2355.5
2355.95
2357.72
2357.86
2358.37
2359.24
2359.69
2359.75
2361.89
2362.02
2367
2367.8
2367.92
2368.85
2372.47
2372.79
2372.82
2374.73
2376.49
2377.03
2382.7
2384.11
2388.35
2391.19
2391.67
2393.82
2394.09
2397.2
2399.66
2400.18
2400.92
2403.44
2405.25
2405.93
2407.4
2407.51
2419.69
2423.95
2423.97
2425.74
2426.75
2427.32
2427.96
2428.42
2429.28
2433.26
2434.08
2435.5
2435.87
2436.76
2437.87
2438.89
2439.03
2440.76
2443.31
2444.92
2445.4
2447.6
2449.59
2450.3
2452.1
2454.12
2455.44
2457.13
2457.21
2459.12
2461.09
2461.88
2465.12
2465.9
2466.58
2470.3
2470.94
2472.54
2472.94
2474.08
2474.42
2474.53
2475.27
2480.2
2480.42
2482.34
2480.42
2482.49
2482.87
2484.82
2493.7
2486.92
2494.89
2487.22
2485.03
2486.37
2482.95
2496.79
2524.71
2496.83
2522.7
2506.23
2498.06
2498.64
2513.09
2512.35
2530.06
2498.58
2513.5
2517.04
2505.16
2533.52
2512.86
2521.43
2512.94
2537.79
2629.09
2589.75
2627.29
2577.29
2581.65
2616.66
2579.41
2602.68
2595.08
2576.51
2580.38
2631.28
2595.71
2543.08
2544.22
2598.25
2582.75
2596.38
2543.68
2603.46
2593.61
2561.34
2575.26
2572.12
2545.46
2553.82
2632.53
2597.68
2620.48
2548.49
2551.55
2623.38
2603.2
2551.77
2615.88
2587.41
2630.04
2583.56
2589.43
2560.15
2587.78
2604.62
2620.72
2633.03
2772.18
2743.12
2715.75
2697.29
2702.16
2710.64
2703.47
2712.45
2721.03
2762.26
2651.27
2770.25
2756.61
2714.66
2702.15
2642.33
2662.62
2670.63
2750.76
2728.07
2708.42
2689.06
2731.9
2669.29
2665.57
2644.67
2709.6
2767.03
2750.85
2753.04
2668.27
2672.52
2684.41
2769.8
2666.7
2699.19
2641.79
2736.27
2639.22
2682.02
2650.54
2643.45
2712.06
2720.01
2696.56
2716.39
2640.66
2709.14
2644.21
2691.02
2643.72
2721.58
2639.27
2650.45
2718.32
2723.67
2685.37
2690.76
2676.69
2772.89
4757.21
5191.27
6100.8
6069.75
4473.69
4683.29
4800.18
6418.36
4669.79
5007.33
5071.02
6501
5817.17
3528.34
4393.32
3814.55
3147.25
3725.89
3447.76
4299.54
3918.27
3552.18
4793.64
6291.42
6489.2
6214.75
5208.49
6304.96
4242.02
5591.96
4298.75
3818.39
3141.5
3415.26
5818.22
6336.2
4001.23
5402.22
5498.27
4150.14
4607.72
4952.96
5660.64
2789.39
3460.67
2959.91
3856.19
3618.66
6070.76
5988.64
6316.99
4557.6
4778.42
5511.41
3238.61
4927.87
4083.91
4444.93
5887.95
5667.73
4841.7
5739.46
3810.3
5709.34
5499.47
4211.79
4750.99
4583.13
4762.39
5415.26
5693.12
4541.32
2990.5
3511.88
4275.1
3641.75
6126.94
3672.38
4834.49
3760.18
6317.55
6469.78
4761.13
6055.55
3214.26
4609.64
5402.6
3399.24
5632.62
4752.95
5582.04
5779.51
6499.38
4010.7
5435.81
4120.61
6400.08
3220.61
5873.69
2841.46
5247.78
4784.62
5615.76
6366.24
5242.19
4090.79
3852.38
5887.45
5160.72
3880.45
3643.29
3096.23
4275
5173.68
5143.01
6139.91
6325.51
6328.45
5907.51
5099.27
5618.91
4827.36
3539.66
3590.34
3806.73
4371.36
5434.41
4814.44
4197.03
3072.98
3688.47
6203.46
3602.05
5781.83
4259.76
4750.23
4823.5
4766
5734.9
4446.01
4159
4322.43
5028.21
2935.8
5261.3
3554.8
3489.66
2796.83
4166.86
3590.31
6022.01
6274.12
5344.9
4170.08
4825.84
5726.86
5477.58
6154.45
3921.39
3456.91
4481.02
4899.95
3679.46
4919.69
5481.37
6222.73
4077.72
5635.04
3815.45
5571.72
4892.16
4070.25
4404.37
3796.9
4226.56
5929.74
5230.08
3843.1
5555.81
5183.11
5014.2
4100.92
4898
5068.88
3521.55
4984.96
3433.35
4270.27
4756.58
5156.2
5965.95
3084.87
5053.49
4976.12
5765.33
4787.85
3333.85
5309.09
3188.92
3173.46
3626.1
5635.41
3518.56
5519.92
3939.53
5535.08
3426.83
2800.89
6266.81
5632.67
6027.83
3676.57
3228.3
5789.14
5660.07
6172.46
4177.98
6010.76
3794.64
4285.43
3500.18
6164.99
6438.98
6362.69
4328.41
5548.86
4910.63
5733.62
5376.21
3658.19
5302.84
3571.68
4107.75
4368.63
2986.18
5710.61
3096.59
3785.41
4514.27
6364.83
4807.13
6316.99
5722.38
5523.64
4023.19
4149.67
4310.47
3870.19
5330.47
4731.18
5500.64
4691.49
5094
5778.38
5307.54
3281.78
4102.86
3643.84
5103.22
4877.05
6455.36
5976.45
5682.9
3503.22
4768.43
4960.32
5965.44
4006.44
4854.23
5019.18
5643.26
5171.82
5225.74
5493.02
4356.53
5385.93
3224.09
5964.1
6151.27
4721.45
3417.13
2929.98
2911.23
3741.44
4774.66
5440.5
6385.3
5059.76
6335.27
3542.38
4308.96
3527.69
4640.1
4414.81
4706.3
5899.41
3529.4
2788.36
4693.65
2968.88
3518.58
6042.82
3428.72
2995.31
6212.71
3584.86
5049.3
2984.12
3499.02
6215.61
5311.45
4493.17
5986.9
4759.34
6046.87
6408.65
2977.53
4896.78
6029.56
3146.51
4284.06
3510.26
3240.77
3643.44
4076.46
5505.38
5772.75
4403.5
3083.75
5871.95
4764.51
3740.77
5663.01
6395.08
4517.55
4353.41
5561.41
6108.9
5135.32
3552.01
3623.34
3426.67
3238.15
5674.2
6225.59
4920.27
4238.25
4435.19
5793.44
3195.82
6137.78
4650.76
5783.43
4313.85
5058.76
6382.97
4429.89
3793.38
5798.41
4835.06
3697.56
3881.86
5374.62
6298.57
4759.23
5563.39
4827.43
2969.2
6169.94
5921.23
4273.82
4203.04
3293.62
3040.67
6284.72
5830.68
3987.06
4699.3
3365.96
4656.23
3338.53
3587
4786.27
5922.21
4271.09
4447.2
3400.21
5911.38
4215.67
4797.92
2895.03
4983.21
4982.33
4610.17
4235.69
3357.08
3251.85
6478.89
5185.8
5265.94
2851.37
3513.2
5162.01
2992.42
5449.84
5475.37
6489.51
4206.07
6327.32
6399.31
4728.92
5407.16
6223.15
4459.28
3513.5
4203.13
5387.61
3461.93
3472.38
4287.02
4207.18
6428.44
5190.48
6056.81
3413.94
4122.48
6479.17
3641.25
3381.81
6331.81
4127.36
3711.68
6384.47
3653.5
2924.97
4575.68
5833.77
3312.35
3487.76
5711.99
5434.54
5848.01
5407.24
3459.37
3673.08
4056.67
3888.05
4661.36
5446.03
6337.57
3227.9
3108.74
2990.25
4448.41
2925.78
2791.66
6464.29
4483.35
5122.89
4726.64
3052.47
4262.28
3675.19
4310.83
4912.11
6046.4
4318.66
5150.03
6500.19
4090.2
4458.35
5843.76
3018.88
4575.88
5312.12
4762.7
4121.91
5482.73
3027.79
5873.7
3411
6344.82
4280.76
6152.14
3621.3
2778.47
5747.79
5341.6
6283.93
3949.72
2917.89
5579.81
4502.92
5341.12
5521.58
4936.15
5532.39
3239.25
6359.03
3178.31
5603.06
5586.93
5847.67
4676.31
4815.79
3091.94
4616.78
3024.25
4303.21
3713.66
5471.46
5957.71
3952.67
6307.01
2801.41
3301.34
6026.08
3126.68
6152.46
5325.88
6226.18
4306.99
4409.76
5687.42
3391.27
4008.65
5450.91
3352.58
2909.38
4542.36
3681.56
5008.34
5966.89
5786.47
6149.47
6441.95
4366.66
2910.32
5210.31
3694.21
4086.29
3593.67
6281.25
5669.22
3898.67
3542.91
3164.63
4579.41
4475.31
2928.5
5699.6
3389.23
6190.77
5681.08
5596.54
4674.88
6256.16
5533.95
4538.78
4125.75
5843.02
4686.58
5644.3
3544.72
4111.38
6406.31
4872.33
4017.05
3670.33
5830.45
6190.46
3294.13
5587.47
4849.44
3178.58
4687.89
5380.46
6413.02
3822.27
3119.59
3464.96
4548.79
3427.64
3882.96
3918.07
4783.55
5707.34
4760.54
3495.6
5709.42
3388.55
3320.99
6210.97
3415.9
4977.07
3507.74
5869.5
2777.07
4702.3
3243.54
5358.39
3370.07
5449.38
5268.74
5077.37
5141.66
4546.57
3147.19
3382.16
6301.72
4400.92
5635.88
4215.64
6433.31
3554.12
4085.55
5524.64
5412.99
4306.09
4600.08
3727.84
3325.7
5524.36
5370.12
4099.5
4135.12
3223.77
4417.75
6135.19
5699.69
5822.94
4012.68
3458.61
5173.39
4815.63
5293.38
6094.72
4192.87
5513.66
2912.12
4447.49
2872.53
4817.58
5243.45
3377.01
5914.64
2881.05
6488.76
5628.24
3173.84
4016.9
2929.24
6136.81
4878.77
3701.52
3510.37
2774.92
4346.79
3706.59
3920.89
4190.55
4300.24
4004.2
4783.29
3180.03
2955.81
5473.01
3386.21
4662.24
3317.21
5612.63
4207.6
3771.81
6222.78
3593.98
3250.01
3170.36
3255.34
5317.16
2803.83
4681.19
3552.69
4884.98
2988.96
3008.19
3931.88
4926.18
3746.84
5432.86
5839.94
2976.46
6132.83
4814.93
5164.98
5964.01
4776.5
4319.72
5288
4610.55
4763.18
3609.33
4508.54
5680.15
5383.15
5703.45
5821.83
4571.16
5561.67
4816.43
4089.33
3626.61
5349.87
6482.69
5780.64
5675.42
4114.36
4281.96
5442.67
5840.37
4346.35
6402.44
4787.95
4177.57
5746.64
6245.74
4971.32
4374.13
5786.22
4660.76
4338.09
4515.9
6083.38
5025.41
2884.77
4583.82
3402.98
3116.94
3448.11
5757.61
4518.51
3897.63
3390.73
4072.09
5659.14
3340.87
3608.86
3091.9
4338.54
3536.94
3533.38
5310.88
6373.69
6243.25
4643.57
3518.26
5170.33
3142.79
3257.32
4752.64
6361.93
3796.36
6075.22
3997.25
4813.9
2795.62
3067.49
5610.74
5871.57
3535.82
5173.44
5663.18
6384.66
5778.77
5145.2
5841.16
6023.09
5754.6
6030.84
5465.13
4028.7
5301.77
4000.29
5625.55
4179.33
3070.18
5273.83
4538.58
4853.96
5937.59
3947.26
5916.36
4678.19
3270.02
5995.16
6275.09
5316.8
4977.95
3626.1
3450.08
6330.45
5449.02
3972.03
3904.7
5201.37
5631.13
5113.02
4274.39
3700.16
6204.3
6163.63
5128.03
5909.86
4688.67
5341
5021
6344.11
5861.23
5023.34
6342.2
2970.35
3432.1
6442.83
4049.91
2831.33
3207.32
6491.55
3690.64
5372.73
6112.07
4468.54
3253
6226.1
5312.2
6000.4
5252.14
5080.37
2991.27
2933.54
3041.58
3626.25
5888.37
4273.86
5946.01
4605.78
6429.43
5693.54
5628.06
3410.71
5936.46
4631.22
4019.23
5317.19
5040.95
5821.07
6183.09
3348.95
4088.07
4752.06
5813.45
5616.03
6420.46
4131.26
3491.48
3249.86
5676.79
4851.98
2850.16
4061.99
6019.21
2783.36
3334.41
5775.39
6085.71
5811.85
5698.18
3084.51
6225.11
3070.44
5920.6
5939.71
4473.42
5256.12
3293.89
5098.72
5812.29
4697
3165.07
4046.23
5760.46
3175.79
4641.35
4161.84
4500.86
3439.52
4529.27
2852.9
4296.01
2962.83
2999.28
3679.6
4082.14
6142.7
4498.81
4928.9
4327.94
6429.46
6370.18
5176.36
6260.79
6408.24
2793.45
4287.05
6392.07
3313.84
4356.12
2790.15
4266.8
5078.54
6072.43
6185.84
5149.43
5136.5
3163.05
6050.47
4691.9
5252.06
5464.12
2802.11
5076.67
3002.24
4389.06
4466.61
3001.65
3306.07
2989.84
6018.96
5109.06
6220.89
2815.79
3714.58
4472.37
5192.87
3915.78
5709.41
5274.41
3358.05
3092.25
3107.43
3041.31
4308.99
3488.66
4677.23
4414.91
5893.31
4175.95
5379.68
5176.67
3921.78
6269.15
3228.54
6186.19
6090.68
2855.78
4719.62
4072.67
3071.39
4130.8
3706.52
3668.26
4523.24
3432.59
3028
3949.87
5717.31
6346.87
2890.25
4042.24
3442.5
4322.76
6044
2907.13
4865.23
5149.33
5710.23
4062.3
6394.01
5995.41
3336.66
5689.54
2872.77
6384.42
6184.37
3409.35
5999.59
4658.28
4073.92
4128.93
4028.61
5805.05
4837.44
3326.48
3106.94
3610.96
4781.93
2990.91
5897.6
4123.18
4512.84
5414.35
5194.57
3468.29
3556.97
5359.79
4802.07
5008.46
6323.7
3211.79
5965.06
4373.55
5563.25
4230.72
4543.38
4060.59
5554.02
5105.44
3002.22
3907.24
5535.86
4643.74
3030.43
3677.3
5892.47
4681.65
5868.68
3173.44
4458.31
3882.34
4096.51
4532.63
4734.96
4074.58
6311.58
2930.81
6427.73
4441.17
5668.04
4765.55
4122.95
5943.23
6437.47
4886.48
6500.51
6169.02
4834.14
3081.28
6493.95
4773.28
5823.41
3297.1
4090.2
6013.89
4461.45
3990.78
5240.25
4455.56
6125.02
6333.81
4997.56
3672.73
4847
5654.13
4664.67
2776.53
5268.21
3087.98
5052.22
5702.94
6084.89
4172.77
4641.39
4347.46
4191.71
5525.66
5882.51
6335.41
5914.78
4485.86
3999.02
4205.1
5512.99
4629.51
5981.63
4162.41
4301.86
2846.06
2985.8
5046.44
3481.44
3613.16
6174.75
3279.41
3577.44
4835.24
3357.71
4376.45
3232.77
3668.7
4012.73
4843.73
4304.1
3011.04
3067.81
4405.87
2819.27
4834.07
4278.26
5087.31
4150.79
3070.51
3668.84
5295.15
3866.57
6056.57
4091.76
6484.56
5316.53
5207.99
2972.37
5878.98
4115.1
4798.11
3466.91
6367.47
4183.13
5106.54
4073.3
4457.54
5730.19
3725.66
4067.76
5320.52
4897.81
5284.65
5662.85
5750.96
3072.18
4695.42
3460.8
5818.98
3950
3781.39
3114.36
5659.01
6078.14
2820.64
6145.99
5973.2
4086.37
5122.39
5708.58
3137.89
3063.66
3082.19
4221.71
3617.4
2849.46
5041.02
3417.56
3305.48
4385.8
3349.59
5922.61
4334.58
5577.44
5609.96
3854.91
5296.83
4990.31
5334.99
3527.08
3599.81
3387.41
4917.5
5732.57
3823.45
5234.93
3555.36
5883.33
4479.59
4846.31
6312.33
4696.16
6205.05
4683.65
3323.38
3949.95
5854.45
4946.48
5993.35
5058.4
5073.45
6394.6
3872.33
4447.25
5989.9
6253.13
3709.23
6143.15
4053.65
6154.57
4099.38
6001.51
4676.2
3690.82
4761.35
4729.64
4603.08
4635.25
3252.72
6167.47
4461.82
4820.51
6313.08
4040.33
2792.36
6333.87
3522.2
4220.8
5114.54
3785.61
4740.65
5408.14
3772.63
4154.8
6449.76
5629.94
6267.39
5002.22
6336.53
3289.01
3409.1
6035.48
3876.07
5048.76
3415.45
5240.54
3964.47
5908.3
4567.21
5853.5
3503.71
4521.1
5224.64
3947.8
5618.41
3441.94
3132.11
5222.56
4498.45
6429.74
5091.29
3177.82
6283.03
3149.62
4479.26
3779.71
4877.09
3162.56
3759.59
6242.79
3933.79
4615.76
4988.93
4704.07
4148.75
3480.52
6059.4
5576.59
5948.42
4653.74
4276.3
4970.69
2923.73
4551.94
5894.94
3721.66
5748.27
2870.42
4020.36
4572.14
3910.74
5417.07
3816.45
4552.55
4147.08
5680.93
4186.7
5479.99
4878.49
3352.35
3129.05
4674.36
5226.76
6387.14
4126.45
5641.12
5814.12
4157.08
4594.65
4136.03
3210.18
3376.58
4088.04
3869.27
4518.45
5170.33
3926.85
6478.77
5272.37
5653.88
6080.61
4045.87
3820.93
3544.3
3683.37
3953.74
5012.08
5475.79
3363.44
5454.23
5046.28
4187.49
4304.92
4801.39
4808.39
5216.64
3511.14
4440.32
5782.68
6143.54
5609.59
3576.2
4133.94
5033.11
2904.49
5954.63
3048.45
6233.12
2894.82
5800.09
6158.27
6041.33
4045.18
5633.7
3943.09
4354.95
3272.74
5291.13
5225.21
4552.76
3326.64
2968.44
5305.72
5556.35
5142.63
5118.17
3192.28
4687.54
4372.78
5931.28
6394.83
4701.81
4944.38
5758.39
4804.16
4408.39
6391.65
4262.36
5764.68
3462.61
3257.97
3671.69
3137.98
3882.6
4055.26
4665.81
3276.1
4190.07
3413.5
5948.8
5719.21
6320.43
5706.99
3719.27
6390.91
4511.48
4597.84
5730.61
4728.08
3216.75
5074.97
4585.12
5818.33
5012.09
4767.57
5385.64
3239.38
5206.06
5444.5
5713.61
4724.42
3661.84
4950.96
6076.29
4153.13
3081.28
4771.13
5603.54
2950.26
5949.47
3212.91
5175.26
5014.75
4677.54
5407.98
3820.4
5641.92
6464.23
3882.97
3835.78
4018.74
4098.99
5613.42
5902.71
6085.15
6081.34
5199.24
4823.9
5651.88
3916.45
6181.15
6268.9
4269.27
5952.79
3161.12
6445.01
6219.7
6061.31
3841.41
6332.51
2916.03
5131.02
2846.39
5364.26
4000.53
3537.12
3209.87
3005.88
4929.86
4219.61
6089.04
5304.84
3802.66
6442.24
4299.36
5789.68
4533.74
4963.24
4757.47
6396.96
2846.11
6004.67
6179.77
6448.75
6291.83
3300.72
3448.25
3568.73
2936.83
3715.3
4780.5
6257.72
5213.07
4809.15
4697.3
4872.68
5903.28
4928.54
6344.16
3925.09
4631.59
6117.72
6106.61
4504.37
3601.2
5018.43
6441.2
6261.93
6130.1
5814.2
5575.1
3390.05
4607.46
5896.06
3940.55
3303.69
4842.54
5031.65
3329.83
3799.53
5902.28
3917.83
2893.22
3091.32
3288.87
4585.25
3636.12
4795.06
4216.02
6245.68
6029.52
3926.9
3175.61
5155.35
2850.09
2946.13
5605.1
5444.79
6292.52
3963.18
5540.01
3540.5
6472.18
3113.89
3840.17
5341.21
3867.79
3975.26
3153.31
3661.18
2880.13
3601.35
3524.71
3200.65
4808.78
5206.67
4953.69
4888.08
3173.97
4987.11
3369.53
4070.23
5748.17
5806.77
4558.96
3572.77
4262.99
6164.85
5546.97
6440.5
3768.29
3636.4
2857.77
5595.64
4014.14
5956.24
3436.38
5308.08
6116.88
4109.15
5026.57
2821.05
6431.58
5181.36
4917.25
4275
4235.86
3615.67
3502.22
3291.77
4396
6166.23
6419.29
6181.89
5907.61
5966.81
5829.41
4874.13
4660.91
3859.5
3230.15
5781.31
2820.51
4054.71
3895.22
4040.03
4308.69
5404.77
4658.64
3834.04
3358.45
4117.94
3779.61
5353.87
5286.13
2895.26
5684.34
6219.13
3161.33
6246.75
4099.95
5155.6
4735.95
4442.37
4691.98
5406.46
6185.61
5369.85
6018.91
4724.87
4278.51
6242.44
3484.81
4920.12
3666.55
6016.59
4211.5
5341.91
3408.79
3845.91
5034.46
3069.54
5651.37
3711.99
5286.83
4801.78
4975.17
5299.03
2965.63
3825.7
6474
4382.74
5974.61
4896.11
3332.8
3892.58
3642.04
5233.22
6026.11
5464.21
3929.78
5930.96
3405.6
3161.5
4263.71
3635.41
5589.43
4618.71
4798.53
3227.21
4393.69
5642.49
3832.6
6422.1
2773.06
4774.76
3885.4
3201.3
5903.12
5580.98
6114.83
5604.84
3405.07
4351.66
3978.84
3142.98
3846.71
4073.27
5340.41
6440.33
4230.59
3501.27
4357.02
6069.45
4836.83
4130.94
6473.46
3987.74
4915.08
6110.04
5799.47
5429.86
3872.94
5302.04
6422.27
5130.87
5256.88
3869.15
5856.16
2996.29
2987.18
4174.41
4225.09
3034.97
4803.1
6187.4
4036.28
6114.18
6176.83
6100.86
3304.89
5001.96
3097.09
5800.34
6278.41
3791.57
4801.28
4650.9
4073.08
5080.17
3122.48
4030.44
3367.21
4418.03
3450.07
4150.3
5313.79
4143.14
5243.72
6307.35
3283.07
3452.44
6290.26
5796.53
6107.04
5201.94
3518.9
3288.73
3202.18
3813.3
4341.91
5455.76
5471.63
3724.07
5585.27
4932.19
3363.6
4670.49
2907.41
3826.2
4575.87
6172.3
3241.8
4801.17
5936.34
2832.34
5808.37
3315.53
5659.63
2803.78
6217.81
5625.04
3983.23
6098.49
5214.87
3086.48
2857.15
6202.12
4224.42
3686.29
4105.5
3467.99
4295.15
3699.97
6050.11
3909.97
3646.54
5211.87
4894.62
4335.83
6463.99
4027.67
4664.51
4236.53
3130.35
3899.31
5685.35
4154.49
5627.83
6331.75
2877.46
5906.7
3616.92
4236.74
5230.75
3061.15
6325.89
2856.79
4572.91
3352.79
4347.07
4837.34
3546.18
4198.23
3705.12
3807.63
6166.07
5723
5426.31
5819.18
3965.42
5422.14
5599.34
2944.21
4127.62
5607.69
2859.62
4482.49
3629.1
4162.28
4612.07
6316.23
5785.2
4233.35
3000.16
2903.85
6044.32
6143.14
3745.32
4826.67
3901.02
4782.97
6005.48
6005.89
5578.29
4709.32
6391.18
3849.09
3927.7
2776.9
3753.73
5479.92
4054.61
3187.05
5339.84
